Weights

W (064; 007)
-0.7344841312763629, -0.21313949877103452, -0.10618888900951741, 0.009269872442542421, -0.3482519913298662, -0.5465824382932967, 0.26004405554595056
-0.3525012526716567, -1.1346129800458185, -0.005985099347350947, 0.08497729224037141, -0.6719382066887466, 0.758687739610563, 0.21033547574469894
-0.0945769310484606, 0.1266013504236723, 0.2289333782857797, -0.10451901764006746, -0.9828784425249851, 0.707065295579119, -0.15021899706180045
0.9020243693156901, -0.03154889731428657, -0.5039894234687112, -0.02858438863443812, 0.31904959280165524, -0.37199586242802113, 0.9234267401900135
-0.15592504679844227, 0.07769690303244113, -0.3128317435047111, -0.8048755601083872, -0.767762226387852, 0.05928964799097564, -0.06980174895129643
-0.019478586840208836, 0.6316156261989946, -0.12822347466312967, -0.3773504016074978, 0.2515900565977058, 0.05549450994372637, 0.09947506560790152
-0.6085371342002236, -0.010782758637641903, 0.37980374223182395, -0.06994196066837897, 0.2799097252657561, 0.2635491702925995, -0.31583093338231716
0.8781564186769029, -0.7250142990273233, -0.4831401384842877, -0.4658433343612481, -0.6153461417509605, -0.23008868824912435, -0.6909371966375282
0.5944415076359192, -0.42495455863095466, 0.07472599002379779, -0.5706283907563802, 0.2483576388824047, -0.07916118761761065, 0.2911107773241484
-0.149970653580285, -0.20487925158637896, 0.7207468924805858, 1.1382562404951722, 0.8539923260717011, -0.44782283290519365, 0.17975685194439855
-0.2806330711998251, -0.1521553038004319, 0.5912053379559724, -0.8403052887997662, -0.04125953061145242, 0.13371567089279116, -0.0457849174687414
-0.34847026163118844, 0.510094371560642, -1.0585449349462142, -0.8522281755794393, 0.43646560598930395, -0.2137771357303322, -0.04192817115111053
0.12976659076658253, -0.40385509145043225, 0.7819222005881398, 0.7014354234411291, 0.8728501092103889, 0.4830765217794218, -1.4904227187786525
0.016300422139265365, -0.21336632127808125, -0.6029188789219618, 0.3067436796879192, -0.31355116259142846, 0.8973086981344784, 0.19298382091021857
0.49380515619671034, 0.6594243205754974, -0.395820266030035, 0.23240062532429903, -0.763136255897282, -0.057322792261590226, 0.04871076789703807
-1.0423998447896852, 0.3805336277598248, 0.008567918450370774, 0.5782446965532474, 0.5438355087037042, -0.7095298761146693, 0.8571228468128573
-0.6838034930512581, -0.07027574521828277, 0.09725234615596239, 0.5542703642136785, -0.05044732413387846, 0.09921945468402812, -0.9662789907080371
-1.436743596430131, -1.1452672874747587, 0.21143887116585705, 0.45723272644874213, 0.015393784604026295, -0.6083346097317307, -0.2999445273927191
-0.937212909597496, -0.6959080312505791, -0.02388285931570495, 0.014880675199594635, 0.3095761548182052, 0.5052386635795522, -0.7228557164560495
-0.3909783969050045, 0.13319589368918264, 0.3722015331827561, -0.26975014047809964, -0.164949318636513, -0.35264424232800895, -0.26664837803883307
-0.5200055838282828, 0.4468144445869309, 0.5813365997555128, -0.5797509334171682, 0.18465483597964183, -0.18228814924095915, -0.5118200363978117
-0.2763175568149006, 0.21542861559212262, -0.38953328057854786, 0.352469596128177, -0.6771487737180415, -0.0320799365114028, 0.2303551569099515
0.016405286854606533, -0.04646017193918416, 0.35571736776134216, 1.3082645790342375, -0.33572864955955123, -0.5674945500263247, 1.2128810200631288
0.8995718819006654, -0.6332995076209387, 0.2048050998663043, 0.6376787145139777, 0.16227945361522036, 0.27273890183328775, 0.23636304585956838
0.18227817948948735, -0.33584768182200025, 0.2656587937934577, -0.12176482007663447, 0.03402187426955255, 0.8422256447897248, 0.4464482148359508
0.4628087874923234, 0.7138416225564409, -0.360148472277553, -0.4508261130682241, -0.7380609249087, -0.18880763652686022, -0.16784252059817717
0.06505663745747711, 0.3632544694050925, -1.0594854672611795, 0.2842975479655926, -0.21488666207038448, -0.44500506592036543, 0.4750185653762461
0.0698728911024308, -0.3766655951697025, 0.07513372571304466, -0.2821753048395066, 0.1992465073526591, 0.8574276955926159, 0.4067057267754813
-0.08808232833374743, 0.07230836866182518, 0.2952690308222569, -0.4199669420260342, -0.8332973015714256, 0.3664475232284299, 0.1801287904835427
0.29366954210961854, 0.6005649921767505, 0.16687049332847806, -0.314559974883617, 0.11671119360810277, -0.3931051070170587, 0.35154566035645096
-0.7208208821549223, 0.5624933163533231, 0.44741141219315933, -1.2353734432215038, -0.14895816267552886, -0.7050400156826976, 0.6026793100840632
0.14307852755970046, -0.8287236966423461, -0.13529264368202368, -0.09397631805158102, -0.22663916596271266, 1.1590596996631024, 0.40378237965043445
1.041817645262706, -0.05871141686018556, -0.14745657720534938, -0.0682588662132588, -0.0034648529152384003, 0.30786277100957427, -0.32828691896998763
0.06487002369650344, 0.7004968476444644, -0.33404054853271176, -0.21537431138747234, 0.2677960829748302, 0.08394955368363811, -0.5289638551468293
0.3203374447815445, 0.16771789076353455, 1.1407398587182116, -0.3436902089230708, 0.45507335026544354, 0.6974210416114082, -0.0973552525402591
0.08508370685638224, -0.6671989561984288, -0.30590012923702703, -0.5596042253598711, 0.0285245914471099, -0.33365563323608066, -0.6969426884998199
-0.9091745527278134, -0.36594138658245223, 0.32613762983377576, 0.17255019880613762, -0.3716932024219848, -0.17591130509226788, 0.07018049416900465
0.4177371358315931, -0.1672031741024608, 0.5041749854824379, -0.006526291869445882, -0.039401087165742484, 0.29315798639162743, -0.5086853214780303
-0.394573457301007, 0.8837485666745741, -0.2722829087615999, 0.5069873661732905, 0.23166755369532657, -0.01758200293778977, 0.40018629873687506
0.7003906652287983, -0.21374031031635576, 0.35162089303896255, 0.1071821530648009, 0.5942813850461615, -0.7744209478075558, -0.3564009328614473
-0.33153887505932944, -0.48503275652331207, -0.04907210394288166, 0.8413302883086498, 0.2280451722718723, -0.6001528446526349, -0.0903416190114311
-0.15137713776918776, -0.11324435959149348, 0.6762925431272123, -0.752106438621968, -0.3000304824632975, -0.09057470634717106, -0.7606825705723739
-0.7365501061034339, 0.25606600088601755, 0.23175574621723594, -0.4524154737983995, -0.6035300190424713, 0.3972020821583668, 0.40316324303394324
0.911622698898208, 0.0022393427867805657, 0.2043595640803716, 0.13132704180925328, -0.30806530538108884, 0.7991285861978995, -0.6101696728689602
-0.22675257883632588, 0.018785817057924512, -0.43356657887511096, -0.16723382858559485, -0.6765068079849857, -0.7253959243949573, 0.3834580603308132
0.11211358033562888, 0.19067503120341378, -0.8178718453036429, 0.19018858030302935, -0.09946601315987659, -0.20033059898537134, -0.06084089685512011
-0.3401543103305782, -0.10095683080688515, -0.0453591745423013, 0.3331817863492799, -0.5182269629376018, -0.6322083009044104, 0.18698066912151587
-0.3923667861779964, 0.4627578771364757, 0.14552762402668515, -0.4095309447560981, -0.35304512078209555, 0.7757784598161572, 0.3918942590272735
0.07782831241198025, -0.7891297729895945, -0.25850421910380156, -0.27202938513823954, 0.0623933472319139, 0.41044958402971354, 0.29375881358410966
-0.20304152748917687, -0.6279425610252523, -0.03237568954522469, 0.5154310831000918, 0.011540587880710114, -1.038939724398517, 0.4577979474133858
0.24462430478458044, 1.2450538486913703, -0.28300828546976525, -0.2351324757234777, -0.28346422473495775, -0.31390217223650774, -0.2567201996736507
0.3721100853136569, 0.31153740738635743, -0.22279827005368943, -0.7041440626253469, -0.9499679236986611, 0.15136418101999533, 0.22830034052603007
0.11649185657583504, 0.4317306397983028, -0.7478016273389306, 0.11402855114461677, -0.6851405974485681, 0.23871679861447137, -0.39698033610460015
0.5633271246793862, 0.16096798332176754, -0.22772810748512978, 0.20968455820765575, -0.4412927771466544, 0.04866320921866195, 1.1447993673562626
-0.5252108804571024, 0.33742966407751784, -1.021295811814025, 0.17515912173616438, -0.12266768405738517, -0.32371097169874263, -0.11537765076467955
-0.008507610575842402, 0.5284959334960236, 0.0991955805083504, 0.009644043154379224, 0.08103130310525625, 0.6880223225456421, -0.053673537070506955
-0.1324041140053746, 0.5333101413550853, 0.7142437167025061, 0.51837504319062, 0.7366671742196058, -0.8200058998681421, 0.025122531111498668
-0.10014073135340394, -0.17666385380261113, 0.47321712601316146, 0.28012718040929546, 0.44267236926292414, 0.060134889305877605, 0.7354354351820075
0.09867894978167084, 0.46701807943481044, -1.0696436094178843, 0.3891967364026844, 0.423907677467776, 0.6293584121001179, -0.13153582964400945
0.7395253148737876, 0.10859126745657006, 0.0637436871523667, 0.38465040095889913, -0.517865032011565, -0.03454930304707642, -0.29703769420677134
0.4862909933992278, 0.17250617343236965, 0.16929686353870937, 0.413018683500646, 0.46905902902443897, 1.0808752597614872, 0.3631703632290927
-0.27973478719835493, 0.9720084790772422, 0.8801987946311991, 0.1386221399495749, 0.5402131522594071, -0.6359399256780974, -0.3860667188974843
-0.40058835057596487, 0.21675714009586053, -0.7658714589735152, -0.8836074432237369, -0.24724455292492817, 0.14799578628096777, -0.3468726383800759
0.04776196142455175, -0.8469633983041707, -0.34407547365174435, -1.386231211834331, 0.5464549618085022, 0.02957909418600422, -0.1254014014462822


W (032; 064)
-0.04276615613454604, -0.18651927010623595, 0.13026741788086937, 0.2000416959044372, 0.16531258062185475, 0.15391437769111527, 0.3043547481011968, -0.07747814046139206, 0.02210972686745101, -0.2077042909984685, 0.11502805463360814, -0.0047676796140623395, 0.21816795191938806, -0.2070164178699647, -0.12713738059018334, 0.24305371153040495, -0.3299793386741771, 0.13029206173230068, 0.36570681214972783, 0.14994941173973744, 0.0432653476884652, -0.03907739369368732, -0.033704197996245557, -0.13434529673856965, 0.1945849833953511, -0.19340644438923202, 0.03588631703155916, 0.15488674572138728, 0.0401492125324369, -0.31676763465390273, 0.22179530881808157, -0.07119042086746376, -0.03305778512059149, 0.3213592377421867, 0.1213804286157168, 0.051289882408450005, 0.02331729934391817, 0.12160789471388672, -0.0007634376498159329, -0.14299298689400372, 0.25047692205202365, -0.1269967906392975, -0.024318107051985092, 0.19770114628728783, 0.027730593044426752, -0.03329116283141771, -0.18827599703198708, -0.12002875938513216, -0.1731102708027797, 0.11859647363006373, -0.1962261968495322, -0.16025195592838848, 0.07042075781922072, 0.0210757147225538, 0.12755474653141224, 0.04029012693379144, 0.12365969594489873, -0.1406416008522519, -0.015278636472823964, -0.07066067964985528, 0.0850943372153544, -0.10622002546065429, -0.23670455975484286, -0.13036593907972982
0.1067894146519397, -0.1135178636493844, -0.05805518281248569, -0.05441462536401352, 0.0836642197603915, 0.002508318170329258, 0.2152396217675302, -0.2988516990500365, 0.2742365408286359, -0.4092398776042949, -0.013298076558366654, 0.03259024506388035, -0.250600265563552, -0.20759533061413274, -0.0330622530833622, 0.2194547776765589, 0.0355343110708913, 0.214424374974569, -0.3496080331111621, -0.32859671780142663, -0.06678904274655464, 0.23279658454772656, 0.05960179752973141, 0.12927843653433585, 0.14449931812024114, 0.07418719002533902, 0.2982292067370471, -0.08620992678667863, -0.0042433676278833, 0.19026235642352782, 0.023215512413776347, 0.165448873867493, -0.017098040932070048, -0.1327804855033866, -0.31369346673505927, -0.038865856895334505, -0.04487274119235346, -0.1612108289051092, -0.5303013995877515, -0.013471354183289127, -0.24282009532313922, 0.08067873604391573, 0.11831702590561449, -0.04527745208275874, 0.018036587306807406, 0.017626937720520184, -0.0408134773111193, 0.11938831729635423, -0.17103358289618342, 0.03364093293350539, 0.33124207589233307, -0.16668102240239127, -0.09551230779813355, -0.2938933630101244, 0.5497386116201025, -0.014298605897441351, -0.325401484396953, 0.18757337957823286, -0.3380294969017952, -0.17650545132402487, 0.029038265478056796, -0.07338580300838651, 0.37981390166710166, -0.15092105181249563
-0.23676910611402313, -0.19842943593011508, -0.26125418472914264, 0.052849563656941406, -0.011720892183456781, 0.2728753052171835, -0.08482523764408519, 0.122982956385229, 0.2100352061457852, -0.11255697070523471, 0.0030130608508241973, -0.11233597879725765, 0.3206964006377077, -0.2357368475158502, -0.2461197275896834, -0.08685863466646739, 0.03869695674541903, -0.15560983474312967, -0.14247441244643866, -0.003983109247260308, 0.16588812304164305, 0.048194532967640306, 0.02091871133295513, -0.2609370655812991, 0.050023613105188595, 0.20006539669084641, -0.12688672797939135, 0.08039860315833959, -0.024282911933862544, 0.005643539251484924, 0.1504731084664389, -0.14764857819646302, -0.07674974688768699, 0.23630074974046703, 0.05209300376898727, -0.21209135467692344, 0.11719565338945968, 0.3667103464025004, -0.04536522859409837, 0.027169691677707018, -0.16767711257394968, -0.006151705447791716, -0.07079621342306347, 0.44312595629814755, -0.33762732584424343, -0.01468468775350614, 0.16791355149434983, 0.10529422747832726, -0.5520903684949834, -0.11848644792045639, 0.09047139558706083, 0.16490655307764, -0.14496427587875935, 0.15696134533735903, 0.026240937689751283, 0.12650388971694967, 0.06198725575498339, 0.045011113394504886, -0.14623439445630118, 0.11411233199372135, 0.015081245895262257, -0.09262418082831293, -0.33871083984894423, -0.009400813243551687
0.31897433927487506, -0.041980632850378806, 0.2890867064182527, 0.29783160167261036, 0.0495032427205127, -0.06230796419299828, -0.17694083852245207, -0.10792070912633683, 0.07591395850608931, -0.018241186418208388, -0.17616122185631758, -0.05076825069370877, -0.21189892694125026, 0.39555790089439335, 0.01170908922679351, -0.14416223815100368, 0.25736871964733904, 0.02502220744343629, -0.07321777459499014, -0.23065909774381105, -0.2182876274252472, -0.13468235959545893, 0.0484447556512604, -0.029086849239333867, -0.01963799802600718, 0.15716255414926678, -0.024010594516804616, 0.10664690582720075, -0.27110958553300546, -0.41234793537016656, -0.050668888232375905, 0.44545718277781177, -0.0578809981869499, -0.1203526062031536, -0.03992610993872999, -0.03234232563192708, -0.42193464462480385, 0.035186299189382216, 0.1780343308144345, 0.1129933728591271, 0.12289797833557217, 0.06376979643448, 0.03245542764796405, -0.19174397654415198, -0.2031663660291238, -0.29350888944305703, -0.34663366618640346, -0.1953011830859669, 0.010170495108627216, 0.050508591704153845, -0.06505691848943576, -0.15864686986077783, -0.11899780070093761, 0.2399401751077453, 0.02991438849330216, -0.004205698244668173, 0.11822757724758376, -0.056758832883300955, -0.01894407455952737, -0.3864939970594457, 0.25730861568710545, -0.1951909909813638, 0.042283263645761245, -0.28532925592156005
-0.026436531116620494, -0.12507151188360272, 0.2909125640559587, -0.07299759989289012, 0.1821457791648056, 0.07401032201892177, -0.058717813297790494, 0.22936572182517792, 0.4599138647501225, -0.3078225841995071, -0.025036989083566365, 0.05202624216945368, -0.2277503818641386, -0.22558878474489455, -0.10933659366695202, 0.015304385209265806, 0.01817827849914723, 0.0828632437956709, 0.24170987594070728, -0.030483007678918272, 0.17048037796353127, 0.18107506873403814, 0.22241070838307556, 0.4044444763901423, 0.12537141673692997, -0.06313705986999275, 0.016140701675424876, 0.21985247144963235, 0.08012585655145167, -0.16397503906913366, 0.23104409884405794, 0.036216734890440166, 0.22990945571901034, -0.04449982074321238, -0.19558757859109713, -0.09202981462056024, 0.04446710925564821, 0.13232211494814572, 0.12666834156885054, -0.06923284666597139, 0.005324588779024762, 0.19737434054081857, 0.14977528649009583, -0.13096575713275913, -0.3939554836655537, -0.10589483496398669, -0.07255884261957432, -0.16739175282726923, -0.06346420938945037, -0.10825155263488832, -0.20052113761263496, 0.041218375065230406, -0.39097053874248305, 0.1362245174938545, -0.030406712656994316, 0.12451663570984713, -0.033928664696114906, -0.1183112616341275, 0.09122385935107748, -0.07670792507642457, 0.11616582666380365, -0.02390065736169856, -0.027164679311830774, -0.047576698497021015
-0.025059344398551026, 0.1982096351390799, -0.0644787500642978, 0.02331156522811591, -0.060770239731039045, -0.07668355302555027, 0.13730415664752635, -0.007954640945328441, 0.08578800826673733, -0.04260232270758202, -0.03105566266624482, 0.11605801976675897, 0.09725106749910223, 0.08449412239587403, -0.0007724680918392437, 0.10758605390261712, 0.0039757380765377244, 0.02337845971902573, -0.30818920681410705, -0.20593978990022244, -0.2450552581654224, 0.3157678398022157, 0.0069041565172136355, 0.05259681346515942, -0.5726961132184771, -0.07140266047475015, 0.10514031034702406, 0.11681326148989625, 0.05930045412836792, -0.03625174737570665, -0.11907569605671914, 0.006061455059689264, 0.06557969489987701, -0.23676877408349403, 0.0845484184993482, -0.11380755152429063, -0.18348077445248218, 0.25669531213868624, -0.019172783625198992, -0.2098959749670569, 0.08172512171344522, -0.5142630604575309, -0.14671681344646986, 0.15845336900320495, -0.12337340994000182, 0.110757337375689, -0.03368514350851151, -0.15539775642802967, -0.32854433279617995, 0.058406353598372936, -0.2802700443890621, -0.2659852733587413, -0.04018580126299274, -0.05572079221320391, 0.07945635430712988, 0.13959956196091075, 0.1284814847868218, 0.13682945288774082, -0.07620249466861598, 0.003516954170414088, -0.09303325684157734, 0.13935992920082785, 0.010642780284982561, 0.1842925487367129
0.04600638333281515, -0.01384320286297488, 0.04444959938323174, 0.32947271195430544, -0.19568502929985168, 0.11102366045571692, 0.04921940345470826, -0.08474111378317209, 0.17892045701510076, -0.27643630516298545, -0.23090086371000348, -0.01146156276764445, 0.16905614803810853, -0.10115307721795994, 0.08268814546128317, -0.10545591344338348, 0.0370556449867881, 0.10144524780317776, 0.17263848624745745, -0.035537452981308844, 0.07096184637483323, 0.1468645762365181, -0.0232985127471922, 0.07589719686423695, -0.10414100121282151, 0.10979020427792636, -0.1205610090324862, 0.11045683473785572, -0.03837902531413548, -0.19932884074538462, -0.0007738546347698783, 0.17749502569312173, 0.0716403073963062, 0.166489097501904, 0.013769630125957777, -0.18106498523583822, 0.21914521607074988, 0.25693052678871897, -0.2933479818797542, 0.043564961897975124, -0.15106059613982945, 0.2540886240317396, -0.03838684573073716, -0.20948681531600144, -0.02067064508950644, 0.01471982591313171, 0.16385787358493004, 0.24158573823024282, 0.1837373801293846, 0.11885188252941652, 0.11965608832738413, 0.4735888939901446, -0.028493950037814905, -0.2312102923742284, -0.025377207720267882, 0.1410025669359865, -0.16405177011198047, -0.031850986111089455, 0.04931031478385912, 0.056707779772957184, -0.14680239399770212, -0.30505814508197443, 0.06208861843235583, -0.11328958790681443
0.06938013638100365, -0.1037320092428535, 0.005855956526581736, -0.09524844648304195, 0.10251577844108392, -0.06305527524308607, -0.1585212923841486, -0.044782947894208724, 0.2504692750022457, -0.18393964825680456, 0.05828867145128455, -0.16207094862313579, -0.0037024843946166495, -0.13955901745912255, 0.029778175755351917, 0.0940503421896244, 0.03813775249598214, 0.0881889496310975, 0.20886332428282542, -0.07198076753735246, 0.34977398771917306, 0.13290462688820096, 0.1471035339780011, -0.0035197990220737527, -0.003022679894073171, 0.13590083340926817, 0.049624814933326704, 0.4082444476076148, 0.2842207509515002, 0.07364318035350496, -0.07670147337170616, 0.21549854686509942, 0.22165832273725608, -0.07439808850060689, -0.18917391789343455, 0.036085376321740845, -0.11776520892695773, -0.12669986732328173, 0.2558927791593236, 0.019861266876763935, 0.16416252047441882, 0.013754463931649799, 0.29033416747417246, -0.12278896776527339, -0.05979993226061196, 0.030463658894540727, -0.0753691433657688, 0.146326800218769, 0.003491275454529123, 0.05320458700017389, 0.011579602099508687, 0.19873878011999585, 0.09018873665024003, 0.14742197865935025, 0.10783729444486842, -0.07261453605310789, -0.2141794484952255, 0.10539051288233112, -0.30948382680146597, 0.05207729753386349, -0.12165761406013316, -0.12256351076352694, -0.08894966682946336, 0.20438634548793277
0.15008318808608603, 0.08416146735689749, 0.12609754161077913, -0.10899737008794551, -0.12344300579897319, -0.19225908177261403, 0.15430347586438967, -0.25266663432526526, -0.11219420102772774, -0.13984857793538072, -0.2809846063146991, -0.29046825370628854, 0.06637657569367099, 0.10245425026087251, 0.15700942150385985, -0.027259601183078287, 0.19684204495083796, 0.2758721650689252, -0.07135241189683912, 0.02874746304838764, 0.03570999819745518, -0.14780260792059594, 0.023570769812712795, -0.24959803646718293, 0.15179834846733886, -0.3095541459726637, -0.04996355149634657, -0.34882003236083053, -0.02912877142375883, -0.3262938167339484, 0.10501489523556332, -0.11998390456838612, 0.1293141027163057, -0.038068908413558894, 0.10047112159121206, 0.15409634418256068, -0.3252449045242091, 0.03702807996107346, 0.25945651436535455, -0.2350635563539733, -0.36820286525480245, -0.13931842269710681, 0.11369754045887358, -0.20114849795224252, -0.09628087593816893, 0.032716010396044305, -0.10419526899396529, -0.08344585239777168, -0.056854659950737754, -0.29170537990836537, 0.1275725676810173, 0.12070442251464729, 0.021284730728023737, -0.2246214631006227, -0.2248020650397889, -0.11923622464934897, 0.1487178283874489, -0.20433252028087026, 0.03672165241675768, -0.11845646790083339, -0.1783080559737346, 0.010289876996875363, 0.06037746066829526, -0.09253119915518108
-0.4422153318580622, 0.298743703645356, -0.11078514721967787, 0.2630405091838914, -0.1760243900558689, 0.09568927259698513, 0.0079907118794559, -0.15157903393827263, -0.05488868991226168, -0.007176244130132609, -0.16539155496487698, 0.06180833809289676, 0.2103948952211893, -0.12701977781874665, -0.006091034624463917, -0.20440636404105897, 0.045894114512395605, -0.04615481881800127, 0.0625968598800828, 0.08698835117615153, 0.01733268363968799, -0.057175509841627364, 0.07229067907907516, 0.15368369986940061, -0.4538525730204255, 0.15237586040453682, 0.023814265055310483, 0.08746500600710953, -0.008217297989401363, 0.0035230219350867184, -0.16439352039361385, 0.0801983560099662, -0.1150643816511643, -0.3082568099877456, 0.12402192686632564, -0.2568778696635376, -0.2989820644764458, 0.0936435797353063, 0.22510392743287186, 0.10094333446152119, 0.03395570175379939, 0.2231163093386081, 0.21210235418186002, -0.38295303267607733, 0.09352202411000053, -0.13172854560890057, 0.08044143542198025, 0.07384298065150005, -0.026891452502619012, 0.04000690628084766, 0.021270779078737884, 0.05145994785888547, -0.10906343640082551, 0.13752131035816734, 0.1285604448160498, 0.09372477980625801, -0.1024472219318152, -0.12103974713852986, -0.040411687793531846, -0.02211973969503699, 0.07909729018481859, -0.33793855368310505, 0.3960231348248439, 0.3216798950692417
0.21335800013934553, -0.12567020170533044, -0.11312773937093114, -0.19125950395572566, -0.14769381969792433, -0.13960114269157578, 0.36605511132280066, 0.19431308967367023, 0.021719701961703343, 0.08812940937099392, 0.14515355979216973, -0.03981265827980372, 0.022854930609235245, -0.02088250076038439, -0.020290010773158392, 0.2065892320839446, 0.19026270467195372, 0.3248889971090226, 0.0998346972891095, 0.043880944945375366, 0.04518873541371582, -0.14563012008016987, -0.16790992823920922, 0.5214469691600289, -0.02995442675451908, 0.043512312056730215, -0.129768673808267, 0.22151703260245859, -0.0849725863054965, -0.09550702435508565, -0.16539712310749433, 0.21183679248117326, 0.11675808410436062, -0.035578789398918086, -0.17719306117216052, -0.006813153603146843, -0.09136264824592846, 0.1297161527126124, -0.07483593647465919, -0.20091420294383067, 0.14974524693209593, 0.2806982216060145, -0.2417664352492719, -0.06132820713522066, -0.17643715117047165, 0.04715224265549293, -0.30355318813559634, 0.20831008006238613, 0.08300987354334356, 0.3648362092987809, 0.2627332223972622, 0.13782085971144598, 0.08841823373141586, 0.01534654315810892, 0.41265822587030354, 0.07137106253363464, -0.24057940531658234, 0.4424573356919412, 0.10192629304355434, 0.19963184351034244, 0.14409632035879266, 0.10330096292084673, -0.05698151836507817, -0.1959244066312127
0.023704563982071703, 0.022028502539094753, 0.12553278614855168, 0.1394019431010732, 0.10665347982233497, 0.1291503953477156, -0.07800425394867021, 0.49769283294893385, -0.023850464391789117, -0.08413630299651802, -0.03254076083917791, -0.43089964766868427, -0.09896799712267462, 0.03294318721027571, 0.02980644566820849, -0.0346492749757987, 0.11489109725696164, 0.4606263811537505, -0.09511044953894962, 0.205325720077649, 0.046125327936982256, 0.14839910976365225, -0.1265922512045642, 0.16790040073291435, -0.1250985360828385, -0.16759516490342335, -0.17292909305293697, -0.021363883612683206, 0.09292328758345798, -0.28643544710610047, 0.08991896025995824, -0.17196185678885145, 0.1333541498512824, 0.0935720665371479, 0.12279084620586765, 0.18417719420678136, 0.023393129046508775, -0.1647918168527937, 0.15188553064572366, -0.25550498001331606, 0.24833687819483818, 0.2760146853666921, 0.23446111257687888, -0.15220642426324518, 0.1831165901667516, -0.021344683368625026, -0.15372266581283797, 0.036673420355469104, 0.03658674402095981, 0.3109862284047707, -0.06483346234310519, 0.027561785932484106, -0.009185463280104165, 0.17574500246061664, 0.029411783812600515, 0.35506551872900816, -0.26300682683163934, -0.09436200388820218, -0.1174734012203421, -0.13754054135068502, -0.004862439527234408, 0.04279017770073415, -0.10355015243109528, -0.006178240533819732
-0.02666604897660917, 0.41401592721540553, -0.07311086965673454, 0.008908901553938083, -0.09475454785376619, 0.14432947256051906, -0.02591109642402046, -0.1536920495012755, 0.08451548188937558, 0.14706703835167675, 0.1775477470937141, -0.041371250755701285, 0.07309943150633218, -0.18878629532380178, 0.08898592569554335, 0.12916301647432102, 0.34430803682593086, -0.15301177952980316, 0.24150619674129478, -0.0572710312212435, 0.1339404376757513, -0.01264737568335153, 0.07564814209148295, -0.175987330037176, 0.05388736626357926, -0.016023659620295186, 0.15343646443237458, 0.21157007071933964, -0.20264620975695044, 0.0530550015191608, -0.45722412295489656, 0.04531784955344777, -0.022750340288731227, -0.0026736918669345603, 0.10597728595785434, 0.18613108397347372, -0.023598123447416606, -0.1138489015770661, 0.20446375067497569, -0.0640816198733683, 0.17632765436251047, 0.03824414144742763, -0.07301248024712886, 0.10069759405468011, -0.22553470699790218, -0.1207972462932787, 0.11357502758949835, 0.226960515664105, -0.08296161993723926, 0.044316695649565536, -0.47983691396551487, 0.21180382315136326, -0.18399181952319377, 0.006026522572686026, -0.3173100628965555, 0.09059944787389396, 0.17222126428398668, -0.13892091499849793, -0.06557394844160574, 0.07639083565902874, 0.04590911414521899, 0.2209211908869048, 0.19556955138951893, -0.053680180900595204
-0.07112479327978984, -0.17152220926481204, -0.17976056009157187, -0.013979191984880353, -0.2055623127910234, -0.03507683665242979, 0.0940881945641936, 0.16973183476181658, 0.3608627465055929, 0.18043916002079902, -0.2796795146835203, -0.32623847355841323, -0.010977937652125107, -0.08962343087334089, 0.25584532837803997, -0.19956273409682096, 0.08030135813117281, 0.03690646650095976, -0.08731326662830018, -0.14077926897948576, 0.08190129296018253, -0.3894114789403049, 0.0934826406641003, -0.06151421552824246, -0.016685880282328844, 0.09783742964591989, 0.15688740059795206, -0.11490991246785363, 0.03617576066786779, 0.09422369406869566, 0.26667745736449433, -0.2002806474682461, -0.2566440618516149, -0.31684156865236224, -0.1646072087072134, -0.0005953842789616325, -0.02971815428703865, 0.18742186608718092, 0.36394511115731876, -0.24398987016954726, 0.22897706157146533, -0.008002236867903694, -0.14843261357331852, -0.49752678830951086, 0.22203786022515237, 0.009731696779045526, -0.04272602149759163, -0.16432878814653615, -0.07748953715106717, 0.02283173224458011, -0.17940267329223664, 0.10109714865255409, -0.0190167910760208, 0.01498320116080491, 0.13406221450577893, 0.2505045403178674, 0.017319308887187832, 0.23489286390543151, -0.03288758686373417, 0.03160651252489746, 0.15818270536706783, -0.08783418630648189, -0.04571216688506412, 0.29347509682895306
-0.24255351018925603, -0.15310794042417947, 0.19061447256187364, -0.2720126017482759, -0.09223954183227644, 0.11492180010942363, 0.12259600109817669, -0.05630092431802429, 0.14772882788608335, -0.0603710700988073, 0.23358435896571744, 0.03760492266302328, 0.19746632805689776, -0.048431919129891, -0.11548328827657425, 0.008297188814058623, -0.09233683068193066, -0.08589956246356949, -0.29294236779237665, -0.11895364756266376, -0.08973882271788236, -0.08148537910447344, 0.28141956626336445, 0.1830069192697204, -0.07204272833540565, 0.07853196972797019, -0.005979943708272996, 0.08367899514348166, -0.20785059396589142, 0.2897684768129281, -0.09391901933100345, 0.1788832961679478, 0.23910715964620477, 0.11147882654631217, 0.1077099025345581, 0.2812789254605873, -0.23133833068697401, -0.28868391500552226, 0.35005634226168536, -0.22592690036472188, 0.24222177737578135, 0.0014927724311855116, 0.1972258832186105, -0.08797721160706769, 0.018034842598173194, 0.0031625657073806783, -0.17576972689027964, 0.1341549963964331, -0.11146647271218212, -0.21430075780889563, -0.4086127720103035, 0.15720257272757807, -0.07077609230787078, -0.31905642383343796, 0.0037469407470214237, 0.007044584979774206, -0.07148841739098544, -0.2172695485198894, 0.026878726866454223, -0.31586260236643454, -0.012780135523453886, 0.018701552405889964, -0.024149165087867273, -0.36169534272931386
0.2859771420916495, 0.12188843748550426, 0.08726681068553185, 0.18830753109183582, 0.2889459403967053, -0.2074296281531699, -0.17556886632414906, -0.004525394896815277, 0.05603692832710986, 0.01409992909189762, -0.0682279182780687, 0.05250327006479233, 0.09335875098562799, -0.20969277050113622, -0.15804124029662908, -0.0265497921603834, -0.29161001492733457, -0.23015399613962828, 0.1695093526327009, 0.10370641118154532, -0.23902193208433592, -0.10679058672836356, 0.12277714446636473, 0.15022911248128681, -0.10788865191306032, -0.009557129967416743, 0.11016123272608692, -0.06818598925445558, -0.03512565294145856, -0.08736296854695184, -0.009765747277769033, 0.04066174352722801, -0.0762790785364163, -0.25149677172296603, 0.05671084560839238, 0.05015539834609355, 0.09542213668137024, -0.4569186398466949, 0.21524230556791366, 0.03981983685150314, -0.1252267543656295, 0.06624296394294801, 0.2903548715463689, -0.128092688625169, -0.07281303413764693, -0.18008668625923133, 0.2579406500865764, -0.27156434069783403, -0.2879826102924374, -0.02870177916802549, 0.24838167635473715, 0.07954454305959231, -0.0053036297105366935, 0.05767240941694188, -0.08337101195279854, -0.2520502170488218, -0.1196577065629733, -0.11636236000731821, -0.11493308067926232, 0.11845046475950725, 0.34336993895784057, -0.15896308681423513, 0.0027347046210401574, 0.028631966828721364
0.21980373824140265, -0.4825178894636419, 0.16863453298835346, 0.20298549331541518, -0.03496547639896471, 0.19082806692934978, -0.00035627358933439855, 0.14626725806443752, -0.08195782289636132, 0.27207232013094224, 0.20259577490863845, -0.09194424149843704, 0.2016486974407853, -0.0602000187823451, -0.047652177338492266, -0.06037830544328743, 0.25847087727373164, -0.07667402212079104, 0.0921835201273012, 0.0011696280712401846, 0.034732515444485794, -0.14351182289901193, 0.10806445577471553, 0.020296418838278905, 0.16708751343906847, 0.30418990622107356, -0.21899526761333601, 0.07133824462632224, -0.24533539457637968, 0.14082723644652223, -0.30156680720386, -0.021145006841851912, 0.15001370794948424, -0.1401584605706363, 0.2447947720952001, 0.10787774605805509, -0.3034546569662678, -0.04923705006622306, -0.10707359751238003, -0.2040021997367357, -0.38955019916932637, 0.07163525378344691, -0.05310931713230655, 0.17965605711806562, 0.13817498973876782, -0.037578986526470515, 0.0712651990503862, -0.048927003232103965, -0.1150838314707377, -0.09134288283458836, 0.06308410539062034, 0.03472586613943439, 0.18856067497301, -0.08633338871916837, -0.09767375160382222, 0.12468748484262995, 0.06963439156433449, 0.15966911508413553, -0.18312350378090772, -0.19114259441739803, -0.06107431234791685, 0.2185611144792881, -0.05549465145266255, 0.2567713198736989
-0.37815652233667923, 0.17033035808657454, -0.3639252687759332, -0.12132392472862986, 0.14172554125007303, -0.0017312743925270864, 0.037720007504872206, -0.10615502151379771, 0.153575615952973, 0.2240916431674209, -0.5191390174714774, -0.10443324198156172, -0.056725676219758984, 0.07707313608459825, 0.06466383221007728, 0.008078496116568088, -0.16687232157207038, 0.2456141225789143, -0.010509840437669112, 0.04926943578718029, 0.07344797063919167, -0.05896261978224617, 0.5983282329453201, -0.07989759237206819, -0.10392157153665989, 0.3322670244801585, -0.11100929258722021, 0.24116885085738018, -0.20406009099687142, -0.1275088578076052, 0.19498073481905315, -0.11382658277734369, -0.22857152461802588, -0.5008446858271249, 0.04839055629663808, -0.10688606725708345, 0.3120521970821154, -0.11583647854783329, -0.29947760871201146, -0.0009292656924402861, -0.37306162459983533, -0.05027908490675961, 0.07373244950563411, -0.12847323237833996, 0.24246541666813523, 0.2200361492834582, -0.005976326130217311, 0.05948381427376092, 0.27982252646775807, 0.23496193063047638, -0.20095997640331192, 0.249711896348519, -0.05793436431643159, 0.11518505548363309, -0.08826663443517166, -0.07445050375305222, 0.019422615236814926, -0.2420462100180353, 0.13398482404166595, -0.4623507381650195, -0.009069204611913047, -0.29473600961925683, 0.24104754351608387, 0.3306791777887754
-0.1410620380233811, 0.18130790892361084, 0.06705694422750505, -0.058939751876272005, 0.31827211428607766, -0.10716046491404517, -0.24990648624492634, 0.10712327668591133, 0.0228858636892586, 0.34228613331590785, 0.07994643808858909, -0.18734833591482533, 0.31965653230146546, -0.0023606097347618395, -0.13712486211454072, 0.09757490833053759, 0.0713414721500581, 0.207231335412006, -0.029834808340327652, 0.14848198612556698, -0.0053611675439288135, 0.05647644794495792, -0.26894724150643723, 0.2131676680898012, 0.167277514735311, 0.2096307631782044, -0.13362734196160206, -0.14937280679093326, 0.11712844021346777, 0.07857939325074426, 0.2725869974664441, -0.011555523645719355, -0.23710180227197009, 0.03525420620316743, 0.0843101257624822, -0.21098559027018668, 0.024510245254775596, 0.08086995410369682, 0.02927257828565028, 0.15081914478810732, 0.10696528097388805, -0.14729117110293963, -0.13771948724926603, -0.09575641468980878, 0.14726041412607704, -0.1269563594693408, 0.06032093241174815, 0.013888794559979102, 0.04809644451594522, -0.1062929212118122, -0.15435422872691057, -0.059743356646943045, 0.054247624391729275, -0.026277577375939953, -0.12225879150740382, -0.006121907544302867, -0.2612331287803049, 0.16239416411778862, -0.16760707397601884, -0.10833885714370708, 0.22779001379849906, -0.20226208603089657, -0.4218960016661229, 0.0693801876089217
0.10373106982550882, -0.13367190266242693, -0.19288568380029966, 0.2564380828691697, 0.16266975074267137, 0.18290374873850487, -0.11616601099001407, 0.06841898551921594, -0.09109238105783378, 0.17512696572714123, 0.1318331125900068, 0.09777787450250658, -0.011131812986625385, -0.04332985860541552, 0.16049658049077228, -0.158016228809278, 0.15837221728695763, -0.048809731379277445, -0.4943658925616526, -0.1768390661560692, 0.14798200632893882, 0.1052568250968256, -0.008358661246185685, -0.07085317361313231, -0.012182913830831492, -0.10881170316915345, 0.160346779940404, -0.24463057826772694, 0.38317252198816176, 0.11296957416681234, -0.17056844719085149, -0.07851690165896512, 0.2739284782975361, -0.001522947339052443, 0.1249926697345819, -0.07532920701740849, 0.08796801351224887, -0.14981500957009403, -0.06729934004383964, -0.11725837776218988, 0.02155848928131126, -0.07899831121543843, -0.030023551669789268, 0.14258336534552213, 0.03238259444836061, 0.23146020375917456, 0.08730866177024357, -0.13313144686841225, 0.29899624103957234, -0.21828477230639856, -0.4496544109055467, -0.10284843036473035, -0.09435708976369298, 0.09325435118607538, -0.17093151050459732, 0.3096454830760534, -0.011763054462417533, 0.03693332527080749, -0.13528191845589474, 0.1553604323626483, -0.2792224623937808, -0.13765199112523696, -0.013638868160399805, -0.49295829470284247
0.2212310465772621, -0.36759918881278675, 0.04997409506562309, -0.19277081027198045, 0.16376542302322872, -0.19631044457030666, 0.07567501422798674, -0.22862057542136463, 0.22530773674572016, 0.08349894703985028, -0.03284288659883098, 0.04398092561749805, 0.07453776788056168, -0.03896331124404003, -0.10168059277926768, 0.011096380826094248, 0.15061133390207737, 0.07539119042334173, 0.14615686888408153, 0.11417883597227417, 0.04025858128824043, 0.05549679207693358, -0.05456075074978463, -0.27234289986140187, 0.17278847482884288, -0.08252473813420852, -0.2981169046500179, 0.14343175373641304, -0.1804079169018888, -0.07825380572890368, 0.09461058572952576, -0.21296822531497187, -0.010661294848561664, 0.2668951963287768, -0.06579242924538117, 0.25734734957077743, -0.1160883512770435, 0.06649469387351858, 0.03366922699729715, 0.2049629163076455, 0.04247153377281558, 0.07736896017938957, 0.35973423432701046, -0.018310724446377685, 0.06862499942131313, 0.09435261090950364, 0.005764975608927435, 0.04313263324527435, 0.021011631748219583, 0.17441808443057438, 0.026633437979171243, 0.0972349735165398, -0.33711390050971474, 0.0671550510071761, -0.15150235786841332, -0.07693673361061104, -0.3092606063086768, -0.10431299854578809, 0.021297801300752688, -0.010943880426780605, 0.10318006200818984, -0.3673274524031251, 0.11682498833225081, -0.11285221812600386
-0.054653183282175694, 0.0722464861588304, -0.11349127617246306, -0.1551699813692503, -0.27482299637914037, -0.012455752469807712, -0.17940731450046207, 0.09281063725878541, 0.06675158657032311, -0.06055901061763272, 0.23646495410642107, 0.06652998927862998, 0.1512316266854055, 0.20186547587689962, -0.13385127773110386, -0.004053653907771803, 0.1315099267879883, -0.08053746866303177, 0.1870947294438484, -0.05925655561633023, -0.34637053339222784, -0.20955368349265133, -0.1528490328767196, -0.04311151501160893, 0.19129615109344608, -0.10962067403298535, 0.2856129936694551, 0.18551951430393618, -0.008633988425451274, -0.2259133195733942, 0.009205479077455309, 0.15496075480697985, 0.07119170627402602, 0.1002812614197409, 0.28828626488466963, -0.06509539114281805, -0.19284062795390167, 0.007932546856517484, 0.3654934016108696, -0.3814980627495544, 0.021754954443980616, -0.18015297611473843, -0.058745887286518465, -0.11010334559003668, -0.02734316027551523, -0.17666221189117298, 0.06773359451933278, 0.1321838905852967, -0.018882020778882874, 0.35383128149974485, -0.006436989211456302, -0.09946895173212737, 0.14713899017302712, -0.07318311405539857, -0.22436003142022964, 0.19037328250909774, 0.14672429075254906, 0.102273295407846, 0.19521489534113284, -0.06122078268092413, 0.057146240217414095, -0.04619476271333901, 0.3528351429018978, -0.1211634188371671
-0.17198094605381864, 0.020129959605185245, -0.023143940056485592, 0.36591665259418493, 0.09009542231858585, 0.06310306526826022, 0.11760792419262771, -0.0836541099307335, 0.022868375838076674, 0.18504089585542965, -0.1033691708208817, -0.26942327123156296, -0.09873295395980938, -0.03304698944027196, -0.246119181735088, 0.1390849596376313, -0.17015933701811273, -0.4173386311531252, -0.1274212168435662, 0.3917290598342266, -0.059775540431472735, -0.00873277533739089, -0.158819990406947, -0.015571473463338615, -0.42829638939635933, 0.10447804991867851, -0.08010446820282498, -0.0958709034195718, 0.034426130540399696, 0.10002345931588666, -0.06247475505436095, 0.12774342685339207, -0.22779568704469352, 0.17521152122308833, 0.20171610011712662, -0.009011844469799551, 0.156802780914317, 0.32155803847662895, -0.05323759107611695, 0.02107932856848702, 0.17568994847554384, 0.21505256501045142, -0.02494040434323695, 0.6419310245691585, -0.33245534052775, 0.21058068517264256, 0.30668862295191324, 0.12235158902854994, 0.19033446607441257, -0.08109347079432921, 0.028015273356787107, -0.06822063034368064, -0.2606640989072369, 0.1252435842985191, 0.15107474553738448, 0.3681044668534481, -0.06124910231236042, 0.19044942162879067, 0.2594394119035426, 0.03804138030514167, 0.3431797126298448, 0.2275063778610795, -0.011060654446437222, -0.16519544785134316
-0.07325078059383819, 0.1270879923125174, 0.016934018707276868, 0.04390473538209058, 0.07615265382756747, 0.2998042884256161, -0.06570468948621068, 0.04257584886681385, 0.4082519483311205, 0.23904595250983315, -0.0062261588790935895, 0.04195628817639011, 0.27409932750728716, -0.04399064923609418, -0.09336120413035591, -0.1895170472708062, -0.09464835918349196, 0.4554915379281194, 0.18394977678740448, -0.29959867389685957, 0.1325490651869842, -0.1626961284280533, -0.04651196784225865, 0.2488073535451384, -0.18845123940623873, -0.18337883079515138, -0.22251792261828235, 0.11749972640072567, 0.225706804593306, -0.02778915020875325, -0.06615138705981939, -0.2839329917442026, -0.02784289124821391, 0.11802482542313923, -0.2073141070639432, -0.14550876585978684, 0.35686567848208, 0.23169020735705817, 0.22486694478552258, 0.03231006087913365, -0.04862499395089947, 0.25296237015523326, 0.15543316057677217, -0.1469066410279701, -0.20058156859107687, -0.36026348073341885, -0.27372832188597923, -0.18193628313467605, -0.08142106957793349, -0.1452190372820405, 0.07808610893602372, -0.28080620932427625, -0.009507906637106742, -0.0587669013184619, 0.22686266363536123, -0.09449871624651325, 0.4056259295712917, -0.1065261591578625, 0.1042285915463441, -0.08081384883641224, -0.28603974398676824, 0.18469781971521865, -0.1395552547567141, 0.040023094422933315
0.021638063173781842, -0.2809052680528012, 0.004807333229976372, -0.16690974213581938, -0.04700013916513558, -0.05140046660476247, 0.1253741217413256, -0.31915611111189945, 0.008766368986081395, 0.1071082886063736, -0.32835146364465456, -0.09457202962588653, 0.1165906106576812, 0.1202612566818193, -0.15196078841189503, 0.3238061630337755, 0.022525064445653713, -0.39638757584930245, 0.12231671445194126, 0.07231653647943193, -0.017583007034934983, 0.08964554999492995, 0.07002253394337493, -0.01897032570464079, -0.16518175905862026, -0.05912112762425496, 0.24511562407059895, 0.15394002494617373, -0.24280188161912208, -0.26644728972195786, 0.1861137200090542, -0.03411621346139758, 0.02030341670135939, -0.26642621140298595, -0.19412689500744323, 0.011061976813888957, 0.12779248934963536, 0.028969619116757436, -0.0003421293692254675, 0.15432901968586446, 0.19162299959107754, -0.03469157466885829, 0.39899262089673126, 0.25387093826696794, -0.21996992466540802, -0.06837598026756674, -0.039921390757489454, 0.2038601556121099, -0.261036587017843, 0.020042085722181073, -0.36828598611387364, -0.04301694047452741, 0.15012542208754204, 0.05559277377834252, 0.03999216766148683, 0.1266627420566617, -0.0802618912175184, -0.09637420979213387, -0.012700661150383147, -0.21329714251054235, -0.05175932331280514, -0.034027729029283596, 0.10148490956454591, -0.05779167247281305
0.24552966881090504, -0.28069834214075434, -0.05271386908284198, -0.06030281586789586, 0.036174455078644877, 0.08212128000880689, -0.022817558239478015, -0.2570639066643994, -0.06105464727621541, -0.18792987750206072, -0.15502251495332944, -0.28799682361955414, -0.12935673021312377, 0.019057634084551807, 0.2422175769665387, -0.39627723884779875, 0.24836478758648917, -0.13831343009675492, 0.09161911711613106, 0.11755498078766746, 0.0860079462927713, 0.07818245458642237, -0.11805543741559182, 0.19508231952395128, 0.07835285948908483, 0.1290743987211226, -0.08246495518753773, -0.020478166508303846, -0.016656824972525224, 0.023711596941768776, 0.08170349103801429, -0.3144354711934906, -0.026804943222052024, -0.13692317059104817, -0.05173873498832837, 0.03940102134903514, 0.03634685026809978, -0.2157463433959062, -0.11456719557556633, -0.16269333989288168, 0.038378545475223236, -0.18947901841847853, 0.05482233085091362, -0.05567037376691489, 0.21884173627455564, -0.008309632175040374, 0.21120868377752147, 0.10842118592765101, -0.028969924045326226, -0.01435699781497922, -0.09518180209075025, -0.18552325794235935, 0.012935788165923404, -0.07774126472282862, 0.2987393199278017, 0.16769718121500657, -0.12494023150211679, 0.05320974997370999, 0.05574390449776587, 0.10875474991281144, -0.1443881829974574, 0.014708507871236948, -0.026332405806045185, 0.13859156823220897
0.2170451249685833, 0.06862673563575585, 0.011663510977919607, 0.23847387990287408, 0.058518246219436396, 0.023188618904257108, -0.052026163288035866, 0.2153177775913303, -0.13333344321297408, 0.0038716712021111955, 0.0775828162283893, -0.02057450018680983, 0.07746775114066738, 0.06982717909901753, -0.09316113562590107, -0.22536449597867544, -0.5365383773798025, -0.04289437628794236, -0.11148767153357231, -0.1252568959160957, 0.19779356240986454, -0.21546230946329695, 0.3056743371094252, 0.06199940402563407, -0.16766431050296704, -0.1361110046224514, -0.1280002502919048, -0.05724842258746893, 0.3617725368834356, 0.02928653089989982, -0.254922406840968, 0.1359396335579982, -0.01733086006463413, -0.005680542891829437, -0.23070133367368512, -0.1721089213057859, -0.28822283992026027, -0.3057676884566822, 0.03184538121164732, 0.2794429652063992, 0.33938328194099676, -0.08466401397793452, -0.03602593014100539, -0.14957145765030647, -0.15832064981107755, 0.1188523337353718, 0.2214321506159391, 0.4652752212360874, 0.2753293248487027, -0.12597350561757553, 0.015754234867420346, 0.1412889815309951, -0.02031320308176566, 0.2025149408494553, -0.007527527088783695, -0.04787766645167324, -0.30889813132062366, -0.1822361912127564, -0.33314658085128807, -0.10577511474876002, -0.19806555135857093, 0.16714381141308587, 0.07433861484653598, -0.10991520200932467
-0.19473052277810454, -0.37031113129868526, -0.05619694620470837, -0.06859520957782503, -0.2569121696196472, 0.09703090365886871, -0.294281137275417, 0.0003341543958545468, 0.1540156899950897, -0.06832749782446292, 0.03607874933583324, 0.10308532619404218, -0.35287253639232985, -0.04201740720134579, -0.2140339163114438, -0.041899034107377345, 0.11601707783237587, -0.2877486238302649, 0.022411675449416427, 0.2896644044046139, -0.0731242048678872, 0.14951053395856662, 0.33418974200295903, 0.152038974898989, -0.06601098786101324, 0.2892105481782393, 0.06956048251178763, 0.3042726986443063, 0.08508797094334289, 0.26953869205271797, 0.28882170028815096, 0.10404863876755611, -0.02326451838936791, -0.039908534838181436, 0.2665934006752926, -0.10424751112641716, 0.1911102182220578, -0.04750705451574502, 0.2828330508225266, 0.006088432223009228, -0.06588209742399989, 0.03416637919775706, 0.06217481551826412, 0.24876658113095615, 0.006126004446732423, -0.23132457753392105, -0.16775253287602446, 0.36363110911282837, -0.15772611134379566, 0.08636997039909898, -0.21740632312922406, 0.1958677378889798, 0.16892833333892826, -0.16292060562386712, 0.03602128769040823, 0.2778116277328512, -0.016115054631345924, 0.1245728842979161, 0.1341014280188791, -0.15218610312170142, 0.24865596692026096, -0.37913164265419524, 0.31704238206249896, 0.11056568509101397
-0.14751379590361352, 0.20764069937448498, -0.3759976173645978, -0.007041996761106859, 0.24395997616272597, 0.13305358770439374, -0.04063821630140348, -0.0018254761417047646, -0.31785842732691194, 0.0568811366296463, -0.020221830456376474, 0.03834182844593631, 0.06833565046028536, 0.18512304041765978, 0.03832124026956332, 0.05538397760265041, 0.01580265737200222, 0.027041372485630783, 0.31254483592391297, 0.48646831667962925, -0.03606288805062509, -0.0043238157544071695, 0.07722132770297292, 0.06186900743321426, 0.14700597779204594, 0.08027619287759387, -0.02845256292311398, -0.02957390201173845, -0.17839211344207379, -0.11858203204082905, -0.18147600440639594, -0.12353538463005098, 0.05705204808432627, 0.05368982908952031, 0.08822269105601696, 0.026841541110369193, -0.2897692232002651, 0.08181659980765962, 0.4861267603961975, -0.17815542616580865, 0.0015472906814868084, 0.0015284727453612076, 0.14116413632255292, 0.0289003271630127, 0.0438959367953489, 0.003780869165582554, -0.07341143374689196, 0.12073850321089265, -0.37881061343175787, -0.04980165397245039, -0.021087798353850603, 0.04989397875033423, 0.2706143070316416, 0.0688300709582014, 0.24603125135228054, 0.08259333233492022, -0.009932270082046384, 0.05291152253404149, 0.0791410607975032, 0.21100853425791444, 0.5195320329588711, -0.05934974982396062, -0.14666880724940415, -0.13353461409635334
0.0070356328078384186, -0.19447373513123833, -0.2414111069819702, 0.22722279598092, 0.05376473420133199, 0.12120858932983795, -0.09527034376101577, -0.015216729481342825, -0.3423926325280384, -0.2368542850120656, -0.09667011901565205, -0.18321344016024843, 0.08567450599869904, 0.030756552598247607, 0.14281482634839884, -0.21625687934872243, 0.10840233349260148, -0.4123587510367755, 0.08919920676900892, -0.05292170462278646, -0.0545929969647509, -0.027491998406544513, 0.03264888942249013, -0.05216471517717899, -0.024712199718251813, 0.1257617577204656, 0.165747318688061, -0.11217240210226542, -0.24664032226860322, -0.06399548249487778, 0.0698794353449192, 0.3135827673010504, 0.00201455922195471, -0.2888040339885219, 0.0662244393544307, -0.10774455384939281, 0.3389682699201298, -0.10096045531720016, -0.048450335638597984, 0.21660740382103763, 0.19319156291969847, 0.052215647373364336, 0.058287084632023374, -0.047105497408849485, -0.08530230599062387, 0.024280296994952225, -0.22785989332621973, -0.052158093672760635, -0.0301273688692998, 0.05754662093337052, -0.03795201959667261, 0.4255683995850712, 0.055370265067476034, -0.12670619924764986, 0.16911892294744674, -0.2570429906300462, 0.16732668364006062, -0.27753823548353806, -0.07594130060084303, -0.03917964983267932, 0.08462072806703365, -0.1414028266620337, -0.13414445492138646, -0.2342505810017032
0.15721074247067934, -0.11225467211463365, 0.2345484831796638, -0.13104538170018618, -0.220335771105082, 0.15843201529514883, -0.28608799586507766, 0.19886869802749815, -0.1026576307586319, 0.04397400577087013, -0.2861005674154575, 0.13711945059330952, -0.09857237812338071, -0.15695959965190562, -0.04654135233086804, -0.1910146306432416, 0.18225688622580868, 0.2069842762777151, 0.0012011546292538386, 0.019157775458895698, -0.1401788690483215, -0.183029518446472, -0.017144418693761498, -0.1868947399302083, 0.15165496772554335, 0.1137647759833114, 0.012210461733551387, 0.10503293511090982, -0.11906501494041068, 0.28746121197874136, 0.20520231925856058, 0.1204620448877282, 0.041324320548117785, -0.26025016067250895, 0.09219580814118655, -0.15904201537509277, 0.06325543351159107, 0.0358471326402821, 0.1180080632899218, 0.21991134392071301, 0.2591607671926547, -0.0067313446262917374, 0.29813931560126683, 0.14448268064973682, 0.19630682089983503, 0.05808075600342659, 0.09548420495424811, -0.1006436286736607, -0.18541360209377486, -0.021823667150881083, -0.10430566172527848, -0.03194521755136723, -0.01972228457588643, 0.2678994329656261, 0.19024054765417106, -0.05888728335745419, -0.09458922090014761, 0.18472085756849368, 0.03994510895848472, 0.10236114082163962, -0.04193466783723775, 0.21659858334125315, -0.025171917189528395, -0.057082246432523236
0.04145115310516779, -0.01754180881175657, 0.026387486483914233, -0.18704142019319034, -0.19087131531527057, -0.11863001757125485, 0.14224982848959294, 0.01125559377362896, 0.055250356163688286, 0.030557636679820758, 0.03937744483756116, -0.32815515570997805, -0.2196109239132288, 0.09806458599353426, -0.2767578544531986, -0.17751681618118034, 0.21733385950867173, 0.1782093782316626, 0.049634947454758285, 0.010036222414946104, -0.31603471905731584, -0.08125781534798207, 0.22668177825721955, 0.052553793697596635, -0.0463482740362659, 0.3542656413023145, 0.1552371022338727, 0.031834977035571345, -0.0286854848528551, -0.25443074081376343, -0.30858110043194503, -0.02225017456747614, 0.3717411131660715, 0.050194967486581164, -0.21904129861206004, -0.15322603971181978, 0.22608996516283722, 0.3247107435702244, -0.04564589489932134, -0.11591588435669106, 0.14839736195659892, 0.1514511938299507, 0.11658237607426197, -0.013147358262156668, 0.0008353727336270584, 0.08886385897421094, -0.026838495238701975, 0.022445522819084726, 0.2771555885315692, 0.16147720294816464, -0.08326366108733321, -0.3677461342092227, -0.10430773058462871, 0.17776610968466164, 0.0841372810321934, -0.251263381600347, -0.0008305322705585954, -0.08665495255520085, -0.23457603830217374, -0.19015546372438055, 0.06549285407353193, 0.10111911465734279, 0.2997085103264125, -0.10960159925612786


W (001; 032)
-0.021872143699669572, 0.27666246119304116, 0.32752463613092686, -0.0752005791928766, -0.22334944465730383, -0.13849762087049547, 0.06525476831168356, -0.38900557478026865, -0.04922848832351784, -0.3748793621770648, -0.5228212728027182, -0.11908079707412521, 0.39824535297622743, -0.3551565191650311, 0.1499084169030737, -0.0769716738289637, 0.47178365652429693, -0.3693892478574424, 0.369700989426687, -0.4044514713562748, -0.09080521277328317, -0.2904818374463303, 1.0887588278408138, -0.2199125791979231, -0.2369142097603287, 0.08541902756432015, -0.45171206907022826, -0.08710676492199376, -0.08990510416664757, -0.31656794105205993, 0.21812086956810345, -0.05849214386971817

Biases

B (064; 001)
0.0
-0.00022813832231962056
0.0
-0.09139826252339386
0.0
-0.058706557502430215
0.020262726330770107
0.0
0.0888069535568418
-0.13321846528377335
-0.011780656263596473
-0.0007037535602893739
-0.03151971694983953
0.0020892489157670166
-0.04127238496096999
-0.08579625349276564
0.0019610921308433984
0.0035762314825528306
0.002103137313940762
0.0
-0.0034011402944572056
-0.0015665570236331702
0.08791079386700419
0.15254951931099225
0.014692292825979697
0.0
0.0004839668237695096
0.08955636746341887
-0.01305092757427062
-0.10858107698555923
-0.01641347659579966
-0.02901540758858185
0.14139823451535227
-0.008862474387261328
-0.10582861747946294
0.0
-0.0008515818849258274
-0.03146982741028087
0.1360786312714071
0.012798130364584165
0.0038722696063504076
0.0
0.039640666429890406
-0.12126567891322713
0.0
0.0002794431181789571
-0.000783734452975993
-0.017070721316447827
0.02919208911835054
0.004209606578678481
-0.0013961793357683573
0.0
-0.00019526707869991518
0.06936618023727005
0.0018073431346934574
0.019830276259104742
-0.039865309360885365
0.03352700299761412
-0.060731801088729116
-0.04378181535282514
-0.052090209617479045
-0.08706097658060682
0.0
0.0001104032286523398


B (032; 001)
0.011012606034434486
0.0
-0.020573148621416747
0.005583410639086238
0.0746818555504558
0.0013904516838096463
-0.002386241925422602
0.14901104135357718
0.0
0.15646104505272307
0.21433433550424108
0.04391903571216248
-0.16262726097620617
0.1465940100341474
-0.07833209476445063
0.027421355920436676
-0.17895755965813478
0.04261734170859812
-0.13289868845841857
0.17751138703234629
0.0015504415417399433
0.1167315623857913
-0.3349947086977837
-0.008165049293967367
0.006491217908710606
0.0
0.0036380461136282013
0.03379556088092836
0.04026752371563415
0.0
-0.08040788686518419
0.006098400997741786


B (001; 001)
-0.46974825276176335

Layers
007, 064, 032, 001

Data number
00988

X_mins
730.4026489257812, 749.2018432617188, 718.1094970703125, 2101436678.0, 0.0, 0.0, 0.0
X_maxs
4810.0712890625, 4891.70458984375, 4718.0390625, 503731450000.00006, 4812.08740234375, 4812.08740234375, 4735.06884765625
Y_min
730.3675537109375
Y_max
4735.06884765625