Weights

W (032; 007)
0.5390175581102369, -0.708073931669913, 0.5388913759436653, -0.21930050430569345, 0.08649300052168851, -0.19308831741462643, -0.35028858205063035
0.03460402110077576, 0.20955574172920596, -0.2947190003425547, -0.8875152962792825, 0.7911518623708695, 0.23853108432994624, 0.33839028184126585
0.24438881820979283, -0.12187363665817681, 1.2211192049437851, -0.5462167617891517, -0.8902088159195938, 0.762971294867952, -0.07753155686253117
-0.24293384771824045, -0.06763458227663431, 0.5719107536627277, -0.1487992432007809, 0.3658090571847252, -0.5218576692687955, -0.2222867209054722
0.08290906969344142, -0.035428065054152406, 0.7477671975136095, 0.8853193725051485, -0.9100319832115706, -0.07177687237921757, -1.1507784285151863
-0.8757355223964622, 0.3736085501688825, -0.9722734513333532, -0.3009699260856818, 0.14408275777353638, -0.4947882902880233, 0.2012771084664722
-0.5175777826603698, 0.04885482556875721, -0.6989206685422498, 0.1806289495499772, -0.9214981882624504, -0.8489116537418924, 0.08602505596892913
-0.36425160880733504, 1.082591472747163, 1.0409609018927293, 0.014932973176081875, -0.6156638424071689, 0.5224399727174718, 0.8417132834647916
0.8371144166037383, -0.5766987015956494, -0.06187881105016892, 0.34522610100704487, 0.14944941435959688, 0.28713132951597004, 0.3876515764536668
-0.34088890677209527, 0.04278773043232918, 0.02331951231023897, -0.2929731314871746, -0.10854662368736868, 0.05007722919827603, 0.18822424002288562
-0.11236488574465137, 0.16354777423021719, 0.02642097667117635, 0.08882478686217413, 0.7747612710833215, 0.376127655809443, 0.5543141512557551
-0.14999398875089887, 0.4718741247751313, -1.0350053102066439, -0.3977034433795557, -0.7492646039658866, -0.013889146901858895, -0.28796918684969924
-0.7887797580339476, 0.13268347102332773, 0.22415397374811086, 1.083362227631616, 0.22968122961686596, -0.9611261266157956, 0.3188410038951723
-0.4540294282265168, 0.319917163483864, -1.3281309133978865, 0.7298427455172647, 0.12101169458308697, -0.33704246528026727, -0.032391139670119654
0.5657810775808118, 1.2492880724886695, -0.08639493206687279, -0.320384102994711, 0.2701723850971883, 0.5584831160962674, -1.1251577511022288
0.10533380065528623, 0.2036537374673555, 0.050470828423422966, 0.8322856242155484, -0.09762648577638935, 1.2630467221723647, 0.9614502298118552
0.3904543688275886, -0.07218565110345933, 0.7438711434898884, -0.58033689353471, 0.5664155637968028, 0.6904554461243743, 0.9641209430227567
0.33946758885875633, 1.0843271744113447, 0.3846419619076149, -0.4321646062967144, -1.1021340669737272, 0.6583026789599736, 0.08009647083994186
0.2977253108347262, 0.20810203307556646, -0.24815529203933354, -0.7374450735466584, 0.643340386378524, 0.24913038976914917, -0.7173746886116065
-0.19539115716308383, 0.41810413550594916, 0.9224207105412815, 0.5400424064159733, 0.10297711980224704, -0.6669028141760097, -0.9145871405932581
0.7373967948119314, 0.6702846483231256, 1.0010655571590061, 0.07209971656484987, -0.6840997121735858, 0.6439520734914673, -0.4391294591386662
-0.05878565579295961, 1.4865255850512253, -0.105908025116883, -0.13331186592270586, 0.6470597171191471, -0.21559707260845956, -0.07288031954297951
0.1287844610593495, 0.8487970290745293, 0.05634816568506158, -0.6815278896991146, 0.47196501822207987, -0.49368481013703713, 0.27582218525907337
-0.703011779825502, 0.040101462787075166, -0.3217392345375901, -0.3697422851709615, -0.45271042067992395, -1.4081926265689113, 1.141708317802804
0.10190635793347812, 0.3627098059821925, -0.5735683159113114, -0.2442824755105137, -0.10733984450924618, 0.4046663963766907, -0.33577507717128235
-0.7700386510066165, -0.0631132621772348, 1.0838740964149234, -0.20169381268348746, -0.8244564454789963, 0.05652262782257152, -0.6399358152050247
0.40199026213024885, 0.5514461211107557, 0.6985957967779662, 0.3593345136853509, 0.511709355243076, 0.05365691872053978, 0.10068864415228597
-0.6691941501383669, -0.5442381834796269, 0.2276089619178152, -0.2517585803332287, 0.14717379374850742, 0.25875907038197604, 0.10831478071082304
-0.1439891668443446, -0.12387351154938715, -0.44846078729721167, -0.02957245331007962, 0.641919505279685, 0.5147868769859297, -1.428053234806632
-0.0376468464691066, -0.96555377170672, 0.4522553074725523, -0.40897361269638177, 0.5096382295193597, 0.12373554179946844, 0.7765938216672739
-0.3554553382067476, 0.16386800553985778, 0.15193898747239223, 0.26716312065834036, 0.5078113456798318, -0.7036370486849045, 1.074026800347568
0.2320495105053279, 0.8281332691648938, 0.5026073653663364, 0.5693490225982785, 1.3612933159828113, -0.22282181451067404, 0.006836872176769609


W (016; 032)
0.07646380049939414, -0.13268128801186388, -0.02654403372199454, -0.24239488165845988, -0.12473626956391096, 0.49486137308245765, -0.36967298275347354, -0.08524235194625351, -0.07443344388397885, -0.0705366825922431, -0.24579358451526648, -0.2499699877313905, -0.607426917830709, -0.1227522558727392, -0.11432065049516306, -0.020656287141778338, -0.2112043460923406, -0.07984847451749046, 0.5022786828695375, 0.10479500827222467, 0.16988219090947232, 0.13724870466825023, 0.22378191069110276, -0.23339561269582507, -0.1254001342316425, 0.6875962170127494, 0.20183128441363932, -0.2520330448029233, 0.003266325091473796, 0.4779119146571876, 0.06689066041300604, 0.13867787356083022
0.14347074716803498, -0.0031762931208147763, 0.48815721951276325, -0.010974605343515416, 0.13226171491575323, 0.08367258568007241, -0.3765962558429332, 0.5139001997081297, 0.19686783037116704, -0.03440387688378443, -0.062031653056965785, -0.4458883576197413, 0.013031041167431279, -0.3624008840466659, 0.2322880493591661, -0.07125365560897573, 0.043938057327958246, -0.2717145798569551, -0.2244393838421541, 0.10571007617195956, 0.6589352309893887, 0.13215033066343232, 0.2268174134211346, -0.14979404963275447, -0.4533328507403673, 0.1706135535415124, -0.10428265437145641, 0.22205760247403825, -0.13394742752016706, 0.11458260031651019, 0.009430527545426651, 0.2360881235981215
0.3524417757811713, -0.07904473500292492, -0.34890947764251595, 0.25324684846943835, 0.12607872750134305, 0.4500797470320241, 0.25642672347474926, -0.03206497308996623, 0.3046246288283518, 0.22291866990309367, 0.03305591368638963, 0.046197788267386776, 0.21417949214405013, -0.2467587531948302, 0.29120422308307325, 0.4494799491682614, 0.012114070211004996, 0.017978824500495812, 0.32510297803738875, -0.3094049823641723, -0.3158539682560555, -0.16548161937781705, -0.03018421519210901, -0.3975336665831232, 0.40622669662123023, 0.30190377523605216, -0.34524513102315174, 0.354903420041345, -0.002729647286181953, -0.24772055445906482, -0.08303153098434812, 0.2899872935076867
-0.2591579206015213, 0.3109800480137153, 0.2639687714930876, -0.1247126148077416, 0.19167167394551507, -0.2203834458632481, -0.5032007441922388, -0.4420064886366566, -0.19071301318132544, -0.014151375327803249, -0.24752354290921824, -0.05975234430692167, 0.1803729275502875, -0.12296510920936451, 0.22692255951132662, -0.15821926474710246, -0.4902326706342212, -0.21581870063488437, -0.2330375580611979, 0.07228985634975242, -0.14240567506600157, -0.06395439227901711, -0.2876982024078575, -0.010898887469109305, -0.13147216972290654, 0.2441369263868555, 0.24344640605986856, 0.12702256923429006, -0.009539074369034046, -0.03537646204566761, -0.03809868914838746, 0.06322282850917878
-0.10560466340549052, 0.12654776171393442, -0.048490263931160106, -0.05945589394296828, 0.2204600206730045, -0.02519276536620579, 0.15661078849563162, -0.07036084981135901, 0.19288511633342278, 0.03525121207156268, -0.28206822914880003, 0.1494121817415786, -0.13403885109121527, -0.30061780456451387, 0.22588146525274447, -0.01405436226231496, -0.3255667523390685, 0.35229213315541985, 0.13284375477839122, 0.08422353291540817, 0.182601055076879, 0.09380282710074832, -0.10167938878669062, -0.07009317540943663, -0.09348412816831621, 0.5142557696853051, -0.11048406008235702, -0.17234576727466597, -0.2788199523701317, -0.31090312506591705, -0.2338685453123025, 0.04547239747082059
0.15495184920797278, -0.2200599338330948, 0.13692288001093358, 0.21368770422331607, -0.05396592671153632, -0.14549730375180128, -0.324405038682204, 0.19007200577778413, 0.22148388870745353, 0.1137746529580242, 0.009089119073386349, 0.09715497142567814, 0.019092759776177512, 0.06226632332640977, -0.5769606071954921, -0.3671273140402366, 0.285582910586375, -0.07237680472600697, -0.2242868512973547, -0.1040926676647839, 0.1294424543377489, -0.3035433977797234, -0.015511539645131965, -0.37490176528135344, -0.41272088790128875, 0.03360682641194771, 0.24702583156881944, -0.19548117202738194, 0.08536348471763504, -0.4775826774312399, -0.06914073525703732, -0.11042452874657145
-0.1576959513889763, -0.11698349682603448, -0.13568761413765545, 0.33660035233480906, -0.070982001978869, -0.2609717481889836, -0.0337205575930475, 0.07963694572080265, -0.1073335078884109, 0.2221150120627165, -0.06512729566822939, 0.3708739927105896, 0.03239499412061602, 0.11590330721041311, 0.008969736161247997, 0.1355543628890884, -0.48014720390455085, -0.3316712388139398, 0.2597337313819327, 0.037118485230407776, -0.013639775863709964, 0.17034901817984213, 0.7448720901154923, 0.05425440932421282, -0.14468835906091854, 0.028043924915974197, 0.19748554643791008, -0.36531082563881967, 0.18497934806529862, 0.22523387417199178, -0.23516374961284864, -0.06569983566369812
-0.696943378566172, 0.11110260712267529, 0.027002227203939903, 0.057360480939365445, 0.21542718058782975, 0.1435804159202665, -0.016433792344096827, 0.39840018061322807, 0.2288911980105218, -0.194284347167207, -0.40240519273598513, 0.08369088703970252, 0.26589896663895923, 0.3701064070643934, -0.17935555981441414, -0.30721828718803157, -0.16894189439053311, -0.11210808711499937, -0.07816665631711738, 0.13753106084410188, -0.024304383824831067, 0.14991357328235563, 0.25688082741140467, 0.08417501410941731, 0.08884389954012796, -0.26115801075237605, -0.38968997994004834, 0.0763233457488985, -0.13415834407897959, -0.24214301046405376, -0.03201305009181417, 0.23655654170416676
-0.0030575676018025897, 0.40969244605477556, -0.3494364569781017, 0.06451069945180737, -0.8764015917164708, 0.34384549892810823, -0.15780062457494862, -0.14102409487565115, -0.2361702993199295, 0.09872024382567059, -0.09217175827498755, -0.3373545038721967, -0.07208337267794304, -0.009349043057951045, 0.042451894330523994, 0.09434424169534109, -0.2948110531568532, -0.025964945737201834, -0.04662127193288544, 0.43352265039425875, 0.03509697750937729, -0.0791341174530988, -0.43569780181391754, 0.42602985016282097, -0.25851159986502376, -0.1858168428295197, -0.17667393251244054, -0.27880089535604485, 0.22388019692281502, -0.20763203168099564, 0.49323977409161296, -0.13154048589111417
-0.37078549480143125, 0.12029806534919818, -0.08115364309232372, 0.14287661707011218, 0.3141385991757836, -0.30275288013419277, 0.028722728144159437, -0.13005643504351716, -0.1777773327662449, -0.15091680479927927, 0.2386400829314142, -0.029557852431202215, 0.24830363995356866, 0.023540874009592188, -0.33512954064308736, -0.3750556128536726, 0.2791895166374114, 0.16764071294101954, -0.1964020425750013, 0.7817699817110985, -0.04453942660880297, -0.0021522765886785424, 0.17113296952232146, -0.33973402528750535, -0.3953252056166876, -0.026087656955427925, 0.036462078274270275, 0.3269107865050848, 0.0007928942142670855, -0.2925103483135029, -0.04849784599111789, -0.14721892203804487
0.24350021950046025, -0.1248653283830381, -0.4147772875610193, 0.07406008393153876, 0.06473690450252832, -0.0688503707262038, -0.1419037854031484, -0.2017024920599114, -0.017997599459668116, 0.19911372862523236, 0.14582877221176352, 0.19437527425503123, 0.25011610424156383, -0.2078412447652578, 0.17831940553557996, 0.1855317414131128, 0.0369662340326551, 0.006712406847900887, -0.06806094707253461, 0.12308614211714716, 0.19653717682469765, -0.002684371313039352, 0.20718465412189804, 0.056673899310649055, -0.3749370151628484, 0.2285998129297789, -0.2523121778025962, 0.21302356227108404, 0.08338754940763164, -0.07223199103489589, -0.2288098662900852, -0.34933589942914967
-0.26793543356234406, -0.09060558535641489, -0.14015373823108918, 0.13332041875250017, -0.2949475966161432, 0.04587649319886027, -0.29472363940206836, 0.08859903979549835, 0.4127861782664241, -0.15880246986093854, -0.5596744752302648, -0.04510310300184665, -0.44544424868824506, -0.18725035858114403, 0.07947835710407083, -0.3943165763909047, 0.37796136965597205, 0.028690494104729347, 0.034666905028264534, 0.17407728935165323, -0.11618134323770234, -0.07090008413108845, 0.26121667030059237, 0.05140820570408103, -0.169245698370825, 0.35240610333611666, -0.24721175463147405, 0.05501849573772149, -0.00014559707890912128, -0.18477363029528893, -0.042098213753675943, -0.1705863975341333
0.037414468270173105, 0.04259242904469804, 0.5560769706768759, 0.26489413516951277, -0.07500432318619954, -0.13092234850858317, 0.19349083229641942, -0.2616952018803757, 0.18045429693416157, -0.30944511704396843, -0.06494431270732527, -0.39823756490252615, -0.10058733288389245, 0.08522317659444008, -0.06404615125097196, -0.05369368198340125, -0.46191753182881334, -0.1786152424125279, 0.33343443271413403, -0.28421018107892726, -0.07677768912469174, -0.20431551071479523, 0.3602881210305813, 0.22558292063376228, 0.2147995259978833, 0.1968771511530879, 0.46459301500862327, -0.2974869289030906, 0.030721888242611604, -0.4811614278656289, -0.08848123687824747, 0.079251599562123
-0.06828357595144148, -0.18966893317372718, 0.004353345354070207, -0.3127753348964453, 0.045798942087666696, 0.2422452157403246, -0.23500876857477854, 0.17689650862606593, 0.27644665377518324, 0.17638722320464495, -0.3061026548640907, 0.04033922113843546, 0.20422783892436883, -0.10306797135589238, 0.16649594679477228, 0.11873577926979335, 0.3270220786824101, 0.3783756505892022, -0.3904918747741143, -0.06018753713600504, 0.24765292136729106, 0.3616568114243619, 0.18287796501473197, 0.03596812723123149, -0.12613286472817753, -0.14908602709349986, 0.2040392661994541, 0.023482198871694313, 0.04468105692781602, -0.19735545038441776, 0.17593629634254654, 0.16689579259868542
0.22047883818999128, 0.14298716409692505, -0.08750517940440439, -0.258683012993903, -0.24337453569110512, -0.11896763587788566, 0.0005752300288270001, -0.13646957830622314, -0.027625754139157153, 0.4246790266034727, -0.49456782300761454, 0.440790261598455, -0.13184605331195212, -0.16405767334068114, 0.5358047505716464, 0.26748915742697305, -0.15506844756598218, -0.3250490124626392, -0.26387259926661916, 0.34284688562367116, -0.17708448280207872, -0.11887644588884497, 0.029189244627826013, 0.5276492286651726, -0.15612517065043413, -0.24189716770920283, -0.005696955190809085, -0.06758928461631028, 0.13024203171892035, -0.4090344733133941, 0.12823657784018458, 0.08001348282887827
0.26186803092167643, 0.4034591024704969, -0.24106453170991834, -0.29600924972096115, -0.07731626937297097, 0.13675041148945585, 0.07028211525362155, 0.0437364706259057, 0.1775994669944516, -0.11872910421714625, 0.025677916058481343, 0.23231333575694382, 0.10699100685808097, -0.025390486137258375, 0.2964244223440383, 0.010910659883087133, 0.35975028088201944, -0.2583736699037594, 0.29850525449708676, 0.27093433632480607, -0.762891896806196, -0.00505306504218322, 0.09705561240712629, 0.06457102809266695, -0.5450757685557969, 0.35319472663653567, 0.29377179489777633, -0.22901419145476704, -0.17235885031313788, 0.017849007269851405, 0.46329499163564614, -0.024609707901445857


W (001; 016)
-0.19683576608938103, 0.5801114987049828, 0.0866237847415374, -0.46714623834930985, -0.01229801929022621, -0.8015061474308195, -0.49260484953513645, -0.12674715165003075, -0.09608882500089279, 0.41734995173080136, -0.031635724826665323, -0.028877192481889868, 0.3870504200190187, 0.7611746947452451, -0.34168244590784136, -0.6471302739827218

Biases

B (032; 001)
-0.000520492999809857
0.17275170253379937
-0.08680036831688646
-0.00125766895222218
0.00015438519167083797
0.002421993501397365
-0.0029454147713187024
-0.10798485274968624
-0.10643636609861494
-0.004016224521561905
0.050742268012305955
0.0
-0.007070872780229878
-0.0007978077010545883
0.0024622268964373233
-0.07769496994861994
0.004925532972866635
-0.07930388336963004
0.2835386239602066
0.009044039462610929
-0.18475114233875536
-0.04365895732118145
0.02733591892249023
0.0
-0.00453136289980345
0.0015374792928060394
0.15404250728067104
-0.027392493748710698
-0.00014461527532850547
0.12330006120908883
0.10141405889474614
-0.09209287513388706


B (016; 001)
0.1374564869462849
-0.2193905600156995
-0.11574687633031473
0.005836654957373611
5.8152867865696295e-05
0.0
0.04172728728962348
0.0002548395699594196
0.002147797959277154
-0.005128042783821504
3.448436100872462e-06
0.0
-0.011984804966257607
-0.2651107333326755
-0.0016559749040776697
0.3340830412580159


B (001; 001)
-0.8526243527428533

Layers
007, 032, 016, 001

Data number
00988

X_mins
730.4026489257812, 749.2018432617188, 718.1094970703125, 2081625742.0, 0.0, 0.0, 0.0
X_maxs
4810.0712890625, 4891.70458984375, 4718.0390625, 503731450000.00006, 4812.08740234375, 4812.08740234375, 4812.08740234375
Y_min
730.3675537109375
Y_max
4812.08740234375