Weights

W (032; 007)
-0.06082760479462269, -0.2593306886801358, 0.386973815735383, 0.18923226101418764, 0.2522942843673193, 0.2582050097155862, -0.6738688887059789
0.3827704788483074, 0.08626666824146895, -0.5078055838100575, -0.2074681414382473, 0.37559066213210757, -0.07620461327890882, 0.25449963720700514
0.6955189599857934, 0.054483683697014944, -0.27477155645204915, 0.6684991805895224, 1.2003590654801897, -0.15065610240869173, 0.6700040878065042
-0.09259342427368158, 0.816926318874329, -1.065012113690246, 0.343285937800615, 0.5207164055501242, 0.04362970105084525, 1.0451363424283227
0.3471662026682503, 0.5433462018483685, 0.31035884178663703, 0.15230134674585172, 0.583277516630823, -0.06693778340369683, -0.10421777666230292
-0.43261694143843954, 0.255551981917782, -0.7427597642847251, 0.2645594935667749, -0.07938173187358269, -0.2504511740788134, 0.8497326888533119
0.9549067937188496, 0.19529153140646247, 0.37911013339254923, 0.8052060668636001, 0.3865879290535232, 0.010244658926837328, 0.39615270573823375
0.6649617654244026, -0.7779127011283402, 0.13615304194400346, 0.533410402266488, -0.5625999933754093, -0.04844783224261505, 0.08251601037633736
-0.36811338376909264, -0.4321906760263538, -0.3010629534239932, -0.4544870735993713, -0.7292904607902801, -0.5672993102140279, -0.49991633952334763
0.14229424856531053, 0.8495431829604844, 1.0341698310030765, 0.5885183872825571, -0.056374344824579085, 0.061630207345553134, -0.12609582390961072
0.24970456469355476, 0.30841129893901353, -0.35698150529402944, -0.13431174279342067, -0.6268335881871584, -0.35877480380847665, -0.07328856841313457
-0.5729605766171388, 0.6340623089816348, 0.27636912438417005, 0.06705891751600189, 0.06863431538404098, 1.0096264929987468, 0.2459139310763987
1.2602649425047479, -0.17686886207052815, 0.4276130705728177, 0.26976890244652824, -0.9967381023074923, 0.45928998542306115, -0.38740249934629506
0.3257931999567793, 0.4465850438026979, -0.8918762126798138, 0.3031618778282088, 0.6664713910598897, -0.08844098526886203, -0.42736123750712085
0.08837217559244559, -0.5151342280196541, 0.15025469966773905, -0.289236968925359, -1.2492661585396962, 0.5633288284981528, -1.4837866063740148
-0.6227095945195492, 0.19994809072751618, 0.44699746368356696, 0.2360445053392664, -0.1441909219975034, 0.16442211630072473, -0.318469077799311
-0.009358706061740912, 0.5591640370110564, -0.29930907027276193, -1.12547958063322, -0.36836531177223897, 0.23322486058755662, 0.26029882930813847
0.08282657204065953, 0.6057828990071691, -0.1361281299481174, -1.0363508860861068, 0.33844609907397594, -0.8126106343198466, -0.6396073165612756
-0.11875298728189553, 0.06942642144976088, -0.25438643880331996, -0.28736596390283997, 0.3245895500207515, 1.05462825740231, -0.39436142619453085
0.00912561968746694, 0.026691360739143032, -0.017123415730097895, 0.8948644233210813, -0.7352124577655842, -0.3976930914647801, -0.7396231882719008
0.0671043373241555, 0.6168417155326483, 0.45564249736226387, -0.02635792237099147, -0.29974260654434726, 0.46664111978401795, -0.46161827283042767
0.40100050916759555, 0.007209327824419587, -0.553280320291474, -0.20855628663462714, 0.27569536046484167, 0.004797652535606818, 0.022631957049863212
0.11288985652947116, 0.2913369292405793, -0.3534759783150832, 0.5639907542825761, -0.4475233125548176, -0.45243557869679285, -0.3340486488927006
0.39535717710916246, -0.25991013577470495, -0.06883905988941907, -0.2880706410147965, 0.9988491323115093, -0.8390316554522331, -0.300765944549019
0.342325621082426, -0.42597714289052085, -0.8271238871750372, -0.014050877353533015, -0.6611585035105053, 0.3583027943811465, 0.6434116145345563
0.7983498027496363, 0.027547960761288248, 0.351791710577818, -0.5093497746292082, 0.11136668681367765, 0.1379727718266041, -0.6298745707855363
-0.07334513695458805, 0.10929039280004738, 0.34325254944688194, -0.49181096566269017, 0.2626895969006814, -0.2677862547089813, -0.2361849194518826
0.3914796781964916, 0.3945330652924791, 0.26509586732617946, 0.5521641188833247, 1.2065234459588075, -0.8945259760889329, 0.49591080328793463
-0.10257264861223465, -0.2471721018865141, -0.24417219443166893, -0.23962559590351687, 0.07307080789900046, -0.9262329426484438, -0.7759566423038612
-0.8863618656580389, 0.5710460412763475, -0.703119504274133, -0.24145179689370583, -0.2263095895818399, -0.2851583187659769, 0.21609779732413054
-0.44918015145614754, 0.32905281342940845, 1.0792416217096275, 0.5853551523134337, 1.086584528993002, -0.08328277674431431, 0.09178470393528139
0.11761845866107064, -0.1946351982183075, -0.25856681267637144, 0.6536117044855505, 0.08318824030258759, -0.6915886495371125, 0.14496304579999192


W (032; 032)
-0.005791213506889955, -0.18041001807435436, 0.07379764078413874, 0.12896524941797138, 0.24263657699705127, -0.19346671778961655, -0.38636061165910157, -0.10395422318232858, 0.004081919279533282, 0.04654911608356613, 0.36440997654783264, -0.3674140343963987, 0.283106305067126, -0.20678943043169082, 0.10905121415533779, 0.45250122991934943, 0.6734319180201275, -0.10036180655905648, -0.05835457484038209, 0.6218942366075216, 0.25340995135101246, -0.26124693248721065, 0.08488121392208921, -0.7370776074917801, -0.2897721036689436, -0.12773367575478461, 0.13808970993989467, -0.28069929642018987, -0.3512379235598927, -0.23448626114552298, 0.03986857472512386, -0.05428721104665755
0.007423974026886891, -0.15347066867465844, -0.2865679640257959, -0.284016039939964, -0.05700698234775113, -0.36384508375262564, 0.16064339153215082, -0.023463680317401325, -0.1318888164849901, -0.28934154828696745, -0.21812352645814656, 0.2989329670200138, -0.4699942706946218, -0.07560810589911715, -0.2897823705178414, -0.2820079724864651, 0.4282841099644663, -0.24138302899160463, -0.06555084337303912, -0.21354948242373015, -0.2536897943209375, -0.02294216514683771, -0.42525739600879875, -0.42480992065618867, 0.24493474411591334, -0.11437638566701669, -0.06713618051163389, -0.3468504730280332, -0.017537404902976405, -0.0018061175003641463, -0.10427601863846572, -0.2719252159240698
0.03681741416646634, -0.13311538770196, 0.02916267687439281, 0.3095198235512314, -0.31553959564087486, 0.37222254751697886, 0.058780842437794585, -0.22461526371396318, 0.08851395779490757, -0.3039601293812486, -0.276714950575154, -0.2332701815111819, 0.2620395600729932, -0.11596149892439185, 0.16852912303722184, -0.38800166419417226, -0.07188120708853414, -0.31378111503972883, -0.4363891313178104, -0.42432180336487435, 0.30983015936621267, -0.18979154518436456, 0.26315292021799835, 0.48300196470043344, -0.20464818530934525, -0.08188111276193587, -0.12298296839765216, 0.05973055154585559, -0.3200262291879632, 0.6299958966163054, 0.2643816143014833, -0.06262115498989179
0.052477685420371, 0.34114483544491264, -0.1259425343909386, 0.12565670361408465, -0.1453513930376521, 0.079006445573514, -0.12272120779199924, -0.09557614662179553, -0.014986406451475656, -0.007265011468978817, -0.1442707113048114, 0.12250064878774063, 0.04994364231092485, -0.13523813762124168, 0.20954721675874655, -0.214376916990506, -0.21558336148475646, -0.23412803288400258, -0.03631759720294449, -0.29377798648856374, 0.3798290527012357, -0.04275990972527596, -0.032620873830655726, -0.07211265126152888, 0.15805010526595678, 0.19178990552748026, -0.5373844053470652, 0.17479734870907018, 0.01702368449598384, 0.3847529015809947, 0.04540307987291186, -0.40502133775439264
0.08873213754091525, 0.019620663842589148, 0.05539583883355269, -0.14327000677809557, 0.1490909472380806, 0.14957000305072438, 0.4622210330651917, -0.5565023214709026, 0.16567064678434404, -0.4211085364735529, -0.2470963048651641, -0.1050953671307562, -0.027532762650060567, 0.34984318515070645, 0.17491357453646433, -0.00832927706970827, -0.41969839433215295, 0.04083910794904745, 0.07165482569751438, -0.053861984967100505, 0.4063606419964827, 0.02285751455238622, -0.27865383320917625, 0.005396680852412273, -0.38565323329170864, -0.25197603962002896, 0.09866370022112547, 0.02972358782377272, 0.4998373316172924, -0.07821932165625278, 0.1293661773600116, 0.12343091794841132
0.31825149726680124, 0.07687795511437809, 0.46835678568023376, -0.23605946567656125, -0.1913416743653254, 0.06792395451088128, -0.03714742503251936, 0.07719231976781625, -0.11711676188960733, -0.36482018355100243, 0.14329870956197305, -0.30599005084527336, 0.06273529535377825, -0.1296314760367316, -0.129908662873851, 0.10428850118142909, 0.023106455960485682, -0.4116864853838806, -0.05663607773096119, 0.1489977642740547, -0.018198428767941106, 0.19822661026752697, 0.13309359341609692, -0.53691630618727, -0.04495082219948031, -0.027531488261041407, 0.2785829338875611, 0.1461802843548678, -0.11329813077306952, -0.03678485602542314, 0.3216429903099626, -0.1941139092943849
-0.011338184472880212, -0.38726951820154504, 0.040850449850559516, 0.04944998381679113, -0.22273029279817966, -0.20219823981503735, 0.1865640715868506, 0.20109426602577307, 0.4618520170357408, -0.2362384624731897, 0.3479627200227139, 0.016120038596560818, 0.21157258948460625, -0.04747335644944294, -0.007892887673857808, 0.4209319492393524, 0.028798677481989537, -0.19674339329789886, 0.060664244549020224, 0.007270696708518446, 0.09435642363567841, 0.5157252333011811, 0.24629906006973726, -0.004090421144543519, 0.10988794520335123, -0.1416045111048719, 0.1613284172068562, -0.06869068070542, -0.05226549882278016, 0.2241005982469693, -0.15076403754153592, 0.12322216130048222
-0.5739620138948526, 0.07578655795927776, 0.34320976210864323, -0.10989971872180211, 0.6077377306094722, 0.14854233184246285, 0.1709337589594403, 0.07062063424715452, 0.012983802635493839, 0.25458868911926424, -0.37101755752369175, 0.22096338736534216, 0.16381077291873217, -0.23723091959424408, -0.0493709796229007, 0.06087620451523944, 0.28307091060270334, 0.16068333995046, -0.3860703243636698, 0.09141054785144273, -0.2339536208739564, 0.21148738359221453, -0.28783786342431433, -0.3782297127832481, -0.10934577113644163, 0.3030214645712297, -0.06277858810047542, -0.17674378500386054, 0.3468103025410357, -0.03932009352890976, 0.11554743781314902, 0.2103926899546094
-0.23363949549819923, 0.16995359099957943, 0.16943494689710575, -0.29508190794675154, 0.1452488776826278, -0.052685739329722404, 0.20527620513339942, -0.05862393481433485, 0.26380004579953453, 0.031473498112022436, 0.3011045888877032, 0.3526168006046618, 0.06911160465693648, -0.32487746171062354, -0.10183716562497476, 0.31671539838284407, 0.007920780027632067, -0.13118083339159317, 0.07158863812446861, -0.36851781158595126, -0.13464598413169415, 0.26630301333843426, -0.05526888490446049, 0.006773366504549205, -0.1432445521756961, -0.34126491984622354, 0.3365671513036286, -0.09421860197762527, -0.29856487843314683, 0.08158361375861235, 0.42642787752512823, 0.08559180459437775
0.27086007325062406, -0.1541343241904886, -0.007594368043423373, 0.4177453038621746, -0.051800782253555985, 0.02829226782702466, 0.514704681197942, -0.07893322240253345, -0.12903446850790298, 0.2703945771112459, -0.061373577262457485, 0.4679251789457055, -0.2768580649899476, -0.15620982882660076, 0.13196124118607785, 0.5679125395631748, 0.12623235641183916, 0.013290642523670326, -0.469795130139881, 0.08151047423330272, -0.07463340151184603, -0.23050253189816322, -0.29187780110201866, -0.2018763485585321, 0.3141337027443343, -0.011247553970442805, 0.25840777821098104, -0.23771011102545678, -0.28633577874420607, 0.4299752800756698, -0.34590321178287453, -0.007183495216069905
-0.07986196188122743, 0.16470826874068598, -0.11376462281589411, 0.26043326158005903, -0.269696269128462, 0.13247537832937561, -0.07484651330514093, 0.4955771509269097, -0.04814971833513133, 0.3811812563990412, 0.45079926651823904, -0.6654702325590921, -0.0434801081702556, 0.4079321717366165, 0.4804487387208188, 0.05369371162558458, -0.19659398084874327, -0.09284455929966695, -0.1907420171876863, -0.20563632150211933, -0.2513792603604611, -0.08330879331852703, 0.19360561081954025, 0.35867518958498273, 0.07269939031298203, 0.1818955016390919, 0.03752670295953775, -0.22775944915256835, -0.10978062966266847, 0.0017787252295845494, -0.057177475972412586, -0.22028329109884964
0.04040691660235554, -0.016297249100573986, -0.06144646645936358, 0.25168086277430113, -0.3256526296863282, -0.015965584004083568, 0.1695965386944733, -0.3582341402864942, -0.14300028979219329, 0.10433958243658159, -0.13107046378302592, -0.08797867303810682, 0.10392146152706551, -0.20496526649670624, 0.25540623486832553, 0.4115989701550201, -0.02621598467820172, -0.40324420807234557, -0.3668933877199659, 0.24710999433265537, 0.2766381521942323, -0.1800263965497026, -0.2562217506627463, 0.24987201405740264, 0.03881887315353562, 0.364601858445167, 0.1135904898036233, 0.26555134959684745, 0.13200202788410942, 0.230424734371734, -0.24372097309482454, 0.2425444272362065
0.3072554053080792, 0.012800937874923464, -0.20321799850841535, -0.06693589364869244, -0.1917863210988842, -0.12051179825181915, -0.12870841405295305, 0.2494715201535431, 0.3305148239476972, 0.37785019867205333, 0.0861197374333702, 0.0017974139995331018, 0.035465622577294534, 0.36984248443934437, -0.33409827134807385, -0.2869732756531933, -0.2830986916803868, -0.038131002748466716, 0.5218329969946812, -0.19473555188754066, 0.03382435706611178, 0.002939999001121332, 0.18453948435363438, 0.046590410151452336, 0.09266641136166526, -0.2664485345966326, -0.23663157053209374, -0.11751452975433888, -0.1475377496905012, -0.4332480678056625, 0.04620710286156022, 0.1733706893961548
-0.06721243584495723, 0.08349592373336932, -0.08796601082510605, 0.37717791579119636, -0.605778626112791, -0.6333706659117084, 0.04390411498320445, 0.09963377330676734, 0.6539160237390942, -0.11192530161142468, 0.018063094273142753, 0.06543999870503812, 0.14689009887310217, -0.07181110060680106, -0.12770200982856472, 0.19038947880119278, 0.11571062767916344, -0.38508940903830724, -0.2202995961992349, 0.2319179292405, -0.08220678864495076, -0.5781031368862922, -0.16892005829360007, 0.2432941211831202, 0.25602522512196174, -0.1330380075690532, -0.2593969239081, -0.1940304599430866, 0.08175522122317087, 0.15843983085883026, 0.144771608309263, -0.22194299158398173
-0.09036227459929651, 0.1260910496132659, 0.03455507511362538, 0.36085669701163814, 0.1536199312919455, -0.14498833273115458, 0.004178457457533283, -0.05298667337852042, -0.23892319086057895, 0.06439723123663905, -0.21028033858944017, -0.0800837844300349, 0.09250752654102715, 0.024342332904266076, -0.317178757841374, 0.08925815851474644, 0.6026242873993687, -0.4156396951506292, 0.1679524168591286, 0.14401732250882332, -0.1322568374636185, 0.6326195980923258, 0.3520756897354387, 0.22513602360009888, 0.8606354187055011, -0.20424061885508754, 0.20704719995436152, 0.12906066610431602, -0.39371232094493064, -0.01208620105266233, -0.16304190470974378, 0.30123078787480617
-0.18043748330144752, 0.019487122061109058, -0.035235862701693134, -0.3232542528420221, -0.2850394534726507, -0.1913720740649469, -0.15193286348777743, -0.3753277204531901, -0.08742520881525877, 0.16693837261659822, 0.2355176048834809, 0.16099548487178816, 0.4136415126745797, -0.010925294937851203, -0.17806510445294302, 0.3996684483350802, 0.029992721552085044, -0.11751571372382023, 0.4819691244360327, -0.0870192455898428, 0.2502477369340841, 0.2172976961791167, 0.21988103057380165, 0.03274785981188451, 0.3929317143502666, -0.22025797017749477, -0.13742893284833732, 0.32511158916282135, 0.20036386457251087, 0.015586202393425834, 0.017988130657446817, 0.14842801346589646
-0.0025381881181512694, -0.3000793325517447, -0.15227148777867597, -0.12313589895544404, 0.0026791065382608327, 0.058074884801645056, 0.03983090300759252, -0.12187492226181887, 0.05130369150281698, -0.14771913373641973, -0.017458798162065303, 0.2068573917053014, 0.1146165665579345, -0.1454344921346364, 0.1997047843455785, -0.4972969951309348, -0.21425144011923072, 0.25845818431396783, -0.21269083760179103, -0.035506543187381195, 0.20131065533487905, 0.1903813479809447, 0.21920245730084995, 0.18805464635411664, -0.14494669908907354, 0.022439715866134868, 0.008255369872707261, 0.1157190904185266, -0.24758689558196417, 0.06099933229274543, -0.30268470156882615, 0.17257374183259272
0.10162687949576502, 0.4657898314404543, 0.04990739404008087, 0.0008301719509312507, -0.30616033550865046, -0.007158002127472741, 0.10769949008154107, 0.015348827988757491, -0.09342186952178567, -0.395769490715122, 0.33586778233999015, -0.5257027742005779, 0.11040155265651473, -0.0038372973263459203, 0.07085940116550866, 0.08990720492734035, -0.18857610746755415, 0.5840739111257839, 0.028206870403764257, -0.11586621105346866, -0.3770752132430556, 0.07256379176007752, -0.17109396589599155, 0.2886969969552341, 0.0016708765457410513, -0.41250202803198494, 0.3531553316449431, -0.23961524083052207, -0.2957993242729523, 0.0628345596645843, 0.25241792978542277, 0.12932119749348375
0.13937205518967874, -0.560115360036217, 0.21447439020689793, 0.038668033800025904, -0.19464784346100486, -0.09301412178805725, -0.27017237317236686, -0.13523620573325493, 0.08095834143155821, -0.23893989758216255, -0.09506448690281977, 0.09929672977484545, 0.1695363498141386, 0.06909917863145236, -0.1793668501609212, 0.028150125184111963, 0.32532467158770856, -0.27284091113365627, 0.18685554695707315, 0.06903488782034792, 0.3987682836471159, 0.28136986871353903, -0.17442307597335532, -0.38496785580714055, -0.2240249885270831, 0.07098140423352166, -0.13412087969469996, 0.0712434671252188, -0.12713565523437076, -0.06019172918061811, 0.1498173391839379, 0.25128583659341464
0.11958160578639719, 0.07630238112323275, -0.2504953110496683, -0.3635465923113258, 0.23599643595926323, 0.09348396878187877, -0.04759517766999825, -0.10227924117395983, 0.3096443119784775, 0.21771375109337862, -0.662552683957373, 0.0476057461506346, -0.20862444855742984, 0.13750631821955603, 0.16583268184860145, 0.2879378573134191, -0.5092969128994674, -0.0033678029290537563, 0.3855672359907059, -0.14083233113481256, -0.2656759712823073, -0.38050864798490686, -0.33874091607844536, -0.06834479919107517, -0.3157726434746672, -0.05073901768536583, 0.022926892927087543, 0.1087395179949274, 0.17190388592068673, -0.1764676191497129, 0.008091875641381833, -0.16297857613477074
0.10701106414964233, -0.388155346856501, 0.1884801302857897, -0.3633768300360702, 0.16228444632898587, 0.13399464481608372, 0.27426408356403176, -0.2446262425890668, -0.3548227833920782, 0.0542718929383055, 0.2855461221536849, 0.16139432278911825, 0.34119316097365454, 0.324270020100375, -0.2694181633608345, 0.1372009123883842, 0.23452980034182647, 0.15201006850670626, -0.3811319968715334, 0.0668016734704698, -0.1204194682316927, -0.18729641155845209, -0.1096625530780836, 0.0934317112398945, 0.17512250244446692, 0.07047781728332599, -0.0729164227939269, 0.07246380885891082, 0.2314154324793729, 0.28711871503195713, 0.12043973978813106, -0.28995711642119226
0.602829793975336, -0.049549454621284836, -0.21571517206910631, 0.12661995963098233, 0.08927338842224135, 0.7118519486889259, -0.49626653478739163, 0.22034699065448085, -0.1024270895287107, -0.11715742138160273, -0.49686247861715266, -0.31066754871787006, 0.06354187744589955, 0.054515137482415314, 0.26935187765828633, 0.12475928871464721, 0.25024518519077754, -0.1357474034332512, -0.057073395053378564, 0.22464955713424153, 0.10155672222469456, -0.4042449174657883, -0.08352275334020356, 0.20007183817778493, -0.07061420328422292, 0.15802947025279082, 0.010445044230726869, -0.04387242793470295, -0.06741652528012455, -0.3593780452992789, 0.38286793040232464, -0.28192477170803715
0.05538397010391811, 0.15967519845125544, -0.12144293634959395, -0.11434930930661953, -0.3749261839795971, 0.07840901722196174, 0.19415504375748946, 0.3168264744982981, -0.32819357124307375, 0.20262611490442217, -0.19549229919688418, -0.005894864669703551, 0.03879793173756982, 0.3573925204556357, -0.096047224671991, 0.2536304400772984, 0.0907360300371303, 0.012321217624216117, 0.5221974367232121, -0.07662508078513997, -0.0472917867603931, -0.1841121939189083, -0.025756611179408875, -0.2133919475751819, 0.00016116732777316653, -0.2978369247988786, -0.3304119675594111, 0.29786579497158316, 0.21820066626475373, -0.1485314311643594, -0.021046508235742376, 0.18471277079245135
0.044353966465562805, -0.1741611337942958, 0.10019747297153599, -0.026068019495556694, 0.0909844424874929, -0.1801482536814639, -0.47366406375701803, -0.41850808239708104, 0.3003818769993282, 0.25409944320362493, -0.14667123273310112, -0.13695611179449022, -0.31258764896596386, 0.3585300124986809, -0.41162313273636497, 0.4386788628312401, 0.30428483237156173, 0.09650860637588447, -0.15493729121149172, -0.22458762444744063, 0.5028960348701909, 0.09341294331385172, -0.07014841048425746, -0.25756367443793865, 0.1605656459931361, -0.6204594472546309, 0.21210332111226063, -0.1071860856261482, 0.06385454762605068, -0.1520643380782765, -0.06546838556355226, 0.015773221831805687
0.04207145742637054, -0.0007176628757332101, 0.1973836996088236, 0.3868892335100195, -0.03618906593735919, 0.13284395673238997, 0.6232108672386388, 0.22790881803217838, -0.03039481765394075, 0.3094860870892914, -0.05469956235447525, 0.09679659781356928, 0.1236136312736276, 0.217874380447971, -0.12587290291126946, 0.18724215072604805, -0.16763617185081542, 0.06708687273328676, -0.05909662198702738, -0.02257805330725342, 0.036663297508245214, -0.04168917688792684, -0.5191809716874017, -0.24761688570958235, -0.23351155592236045, -0.013146412171903425, -0.00010315816425766708, -0.4663826060700824, 0.20029113411806873, -0.025695953876626796, -0.19291492751199832, -0.1461920354132547
-0.4030605555961148, -0.1664697208195466, 0.004199864644211093, -0.09305790321706978, -0.08334058617371377, 0.021254875585919056, 0.061537275854039605, -0.0008245657707947897, 0.0054441070881489605, -0.055559176303124236, 0.1088738571240971, -0.273413822939121, 0.0053751439231089215, 0.36656062579926924, -0.13697374506049967, -0.19086251043489771, 0.09500926157875315, 0.0596640336580355, -0.48416024501674937, 0.07496356817733356, 0.2945595356484191, -0.4696923126165641, 0.1468180170586176, 0.33418877607887193, -0.1650131478328683, -0.36741480569644036, 0.03440293694481648, 0.08721140667902419, -0.021119257056482783, -0.4966768086159844, 0.20802268760321024, -0.27751126412667365
-0.19879049719862718, -0.12207378528318964, -0.11243283701184573, 0.45663065187634794, 0.24919336479617643, 0.034879893316866695, -0.022392278747809344, 0.07334694586361068, -0.5354824428176749, -0.020845613751119776, -0.19966848995015135, 0.0024383469913198124, -0.2907647702892671, -0.3239848561056347, -0.04960953068028684, 0.01663097196849709, -0.1902190648565283, 0.007782872273384253, 0.7381190329657122, -0.18971337972367391, 0.04944147381830455, -0.19245618064060135, 0.06155703411411122, -0.16579813265958027, 0.33153105270638006, 0.022417893083598938, 0.09814024414269001, 0.24116698148152588, -0.15211270091881518, 0.2655053971070346, -0.11614866071427538, -0.024698782827297205
-0.12337639816185579, 0.1747169712506158, 0.1641152190798463, -0.13620648417967102, 0.025678336114998843, 0.08734526954699555, 0.07358938108452928, -0.3992030345519979, 0.27794119413558765, 0.382072109934921, -0.08693484740460275, 0.094689179043132, -0.03715116762918765, -0.4314819270547699, -0.05527547960686944, 0.1743419520053059, 0.10293813358684849, -0.17067400367765254, -0.055354656295725835, 0.06416319657942507, 0.10422894101761315, -0.6239956061380212, 0.010227882996893789, -0.35642867776893505, 0.4429249368990528, 0.36837571677921005, -0.23744501252302644, -0.08688388259504294, -0.027667577798351186, 0.09995699497322166, 0.34775525642954747, 0.1256136280371117
-0.2599182721742935, -0.03884670952327572, 0.4600728126758897, 0.30768658501627405, 0.11510552309829332, 0.3843679948978404, 0.06343474557199953, -0.24353775402295083, 0.22086602205357483, 0.2108558744593964, 0.09356861858002063, -0.06423052254042917, -0.40238028725943953, -0.27269890655724227, -0.27679241031686513, -0.54292409909904, 0.0008059754156980355, -0.07532264428357884, -0.12184104354143808, -0.3373519874638605, 0.08448269115063624, 0.015550205025311514, 0.014563204389206153, 0.3868074819897129, -0.051504217542413765, -0.06328723929807477, -0.17291009329819046, -0.17015434340461752, 0.21736715746175586, 0.2402150776176278, -0.18658042849950698, -0.1410467085800962
0.28260644807825724, 0.10746151157431699, -0.7901917512480592, -0.01694871038168106, -0.7355983921734525, -0.06783643695692727, 0.19902544383964613, -0.30481240273480564, 0.16626212433142357, 0.039024959833196204, 0.24334656896164691, 0.4579692964207004, -0.2730077904234949, 0.17239744113907454, -0.03613784725982369, -0.21371424474345552, 0.0738458196361227, 0.3321038895739398, 0.5619903180021913, 0.23988738218886754, 0.1405678532784027, 0.14976358932181968, 0.21478560533814453, -0.08905976315390568, -0.1799609690556061, -0.07042140321878851, 0.19317455957846436, 0.18310685395332124, -0.28741385066220737, 0.1712914670966994, -0.23160400138814602, 0.011505140389696552
-0.14749380561332626, 0.07307790455922425, -0.11359685622473209, 0.22860047940026326, 0.15661875601216105, -0.7482828490797073, 0.16420423727921216, -0.0639412431364214, 0.16914359952392224, -0.23240373442778925, -0.45399270717772383, -0.20566996453184322, -0.19819479989391495, -0.35933817561808773, 0.006197541478917394, -0.12403223851578589, 0.03336394611542963, -0.2146696383747501, 0.266398544603018, 0.13122621003890347, -0.05732244783539587, -0.010650233886598252, 0.03870692422121725, 0.3947834716259552, 0.0150026517369581, -0.004730776853517723, 0.25086113312708797, 0.1830913675085432, -0.1418067579437106, -0.24432965712004634, -0.22894349419963006, 0.5058078189605957
-0.0741291925366621, -0.1340607070694078, -0.26224896745223564, 0.03198633355424715, -0.16819855103484965, -0.14074060551585188, 0.22611954193699274, -0.016088579589424383, 0.12971171706157825, 0.19457726452451032, -0.03662722398515208, 0.3168445217865152, 0.13793621047931853, -0.399618163224006, -0.15885015452613818, -0.06403683501886956, 0.23855646907428754, -0.32440992667512175, 0.13371413151545658, 0.2989411651747227, -0.505278900220943, 0.5294736478107399, 0.02548922820164386, 0.01747156824341369, -0.04450421686068518, -0.7526431755685571, 0.0382526873959599, 0.00340883010982378, 0.12390780055076835, 0.5948076880944354, 0.2679322687786414, 0.0919373814991937


W (016; 032)
0.15029171731986657, 0.06695147165835827, -0.3285045197068297, -0.16802600722254732, 0.10736655679178231, 0.43784088666548, 0.12115313813964264, -0.09031320305751124, 0.063126558907522, -0.32687778620509655, 0.1744480796414506, -0.0901854158488202, 0.04452659278722323, 0.19663775732443498, 0.26977960699531417, 0.0608679280597274, -0.018137725676256055, 0.12026549692748897, -0.08179510367825835, 0.03623982286586379, 0.22125546643213564, -0.329303229455003, -0.11508818731205545, -0.024717297180775814, 0.07957686515544103, -0.01114880064635372, -0.09582117821010692, 0.055006488063052854, -0.12135761527046417, 0.057036112511468076, 0.18602643319293982, -0.23847429910036938
-0.21622782217647885, 0.2675627127721087, -0.11842287613918605, -0.24182321522119077, 0.5153204695746675, 0.007641012786567788, -0.019832877084194192, 0.2632593872087055, 0.32121453092427327, -0.036428549790321264, 0.013536195560474492, 0.02914095381061848, 0.4218168559889649, -0.135364266083133, 0.08007180049505926, 0.16509052374012592, 0.23799312254035432, 0.27068372518091866, -0.2853395437917203, 0.6365672218318281, -0.30624011039934135, -0.3746482460517884, 0.11263516319458507, -0.1269527988935583, -0.10284893427819634, 0.19225676684996335, -0.16979685301929184, 0.7024196169113975, 0.018302314231266176, 0.03298264917360568, 0.13294391287968044, 0.033114164177767295
-0.12607448453589767, -0.2466215205825671, 0.13444531401358784, -0.3076599282459081, -0.010510629752473993, 0.6746553499379391, -0.4457644694584278, -0.244078368301274, -0.24315066393397297, -0.041188986245866616, 0.43005178628637114, -0.2525613566889163, -0.19262475276456686, 0.5464079306481423, -0.1745845212360901, 0.3586965544709207, 0.15470675161017924, 0.17068540671994786, 0.06603280290899993, 0.041412866759136545, -0.12168845052591691, -0.547847519512995, -0.2649429017892547, -0.302983856091131, 0.05311038535069133, -0.07809604191356255, -0.5137288266122152, 0.21205318390509006, -0.21441008904139222, -0.2390870058734256, 0.0823873417404369, -0.5852800695899248
0.07059332175743024, 0.2895458153180636, -0.05139586553349166, -0.08923564098384358, 0.4408483047964714, 0.10981451206452203, 0.006749039455563193, 0.03583141172879653, 0.5591153334087225, -0.027988868542530625, -0.005784822398826657, -0.3564327838066107, 0.06040567650737195, 0.14349753836749152, 0.06326948694089468, -0.07801920100510097, -0.20519044699850236, -0.11270104507200068, -0.14397765187978656, -0.24944610101654333, -0.24034151509651563, -0.08524832565233673, -0.25955622805643336, 0.2986501022060543, 0.46592580550533047, 0.29647111639212137, 0.007342342815595147, 0.3747418772556297, -0.27899133663742287, 0.17100856495087696, -0.2810710465981494, -0.4538194034992863
0.010023999544278616, -0.259903312068509, 0.2716432138304584, -0.3786171350757885, -0.04789138381649874, -0.15768747217148632, 0.3176587093177839, -0.03698912710547977, 0.03461383901245022, -0.21164105865745766, 0.07849037570365941, -0.4197047710217187, 0.2576037542933314, 0.5534555856811759, -0.5069707705967818, 0.12127356428058927, -0.12167093550750668, 0.06997772131401304, -0.20613909159292138, -0.06588741632438494, -0.0444295320017821, 0.2603135029257287, 0.26987321474921255, -0.2503314117734802, -0.020135648345279346, -0.36087500593492167, 0.09978413294413883, 0.09604995661106751, -0.34481035300474133, 0.367410245713689, -0.38354783548848076, 0.09381948841157069
0.270794616807652, -0.4224343447495855, -0.24109886801147626, 0.06977461208630822, 0.5446374593084278, -0.056532951944306464, 0.08509060199746132, -0.35411361814967957, 0.008771366585616813, 0.4359106129377193, -0.4032656745474556, 0.02950157184280334, -0.011252825122327174, -0.32831828827893605, -0.1599324603062085, -0.00925570422838043, -0.0243551010060233, 0.3310731208781482, -0.111158702947463, -0.06067045911022099, -0.17698764722087557, 0.07724715315903849, -0.04705452938974101, 0.3041984120015676, -0.16455650685963563, -0.22316038257427243, -0.09559988356678785, -0.21640374018118136, 0.44069505748091775, 0.31521190383743114, 0.21063877907067619, 0.427260677549642
0.000723870761557003, -0.02689875136947897, 0.07875956656342803, -0.12805939655295506, 0.47272970851030743, 0.2637119976406367, 0.016020806023495378, 0.24056492446842614, 0.060648249175803456, -0.09090988656735562, -0.1711984049747133, 0.05932376229352844, -0.21111598992320024, 0.06854992890078469, 0.2284214501504351, -0.3499256059674327, 0.1246088704918721, -0.20741444003811768, -0.14866141242837896, -0.1262943041456909, 0.2799074545026252, -0.19680105291389371, 0.24974882237166718, -0.2759451138625063, 0.2033306353407866, 0.36548328318776074, 0.07503647808046564, -0.01883655747885575, 0.232427122961552, 0.07719672322260936, 0.28150437649043214, 0.3398203489651052
0.2658538639720652, -0.5681465277134575, -0.33094406411808025, 0.015070536987306706, 0.13446588703432863, -0.09513308255826886, -0.02729951975266264, 0.11034823076746021, 0.2249289564816866, 0.16233823184091695, -0.061368040978443124, 0.17975038724198436, -0.13166263394295058, -0.32948754389298557, 0.1162997228900577, 0.08029651100634654, -0.12257664832570828, 0.10354030552494932, -0.026848761650706366, -0.24609000407680154, -0.2953552000763408, 0.027595388213243466, 0.0018415825730198707, 0.47036839902220656, -0.3722717453151727, -0.0633655922411749, 0.14693007411540723, -0.19528987299901357, -0.13470780890105225, -0.3617819765951605, -0.12414902828930405, -0.10582359587996015
-0.17137497460823498, -0.09096761809133617, -0.16510296149236503, 0.07290510807396315, 0.21911492902844143, -0.2265495397046025, -0.20988794186312448, -0.02264686479661054, 0.24426032235831333, 0.1684820787861809, -0.10698537897907455, -0.4043060149657668, 0.18561090745257172, -0.048130239285492475, -0.076133514026833, -0.225626122087038, -0.30308942247459386, 0.1772271072974479, 0.13410617507878328, -0.12973715044170997, -0.07560914792721203, -0.085288461785214, -0.36783116119237663, 0.2701050857873846, -0.18447445749858996, 0.4277684382027014, -0.11345744290274472, -0.18712927212543043, 0.12514603348708772, -0.08507753560735627, 0.0626057193728842, 0.11533565230346302
0.025741402428919473, 0.308002427727467, 0.06738378783362883, 0.2184277785205884, 0.3640297676768765, -0.24867557873835405, -0.3311444353602741, -0.31694312554425874, 0.12599151119355012, 0.3809929133537027, -0.33177317460572747, 0.16070297766887529, -0.36077995194240114, 0.5257636037023504, -0.026739684888754788, 0.19066000773085562, 0.02406470648784658, -0.4399039032480801, 0.34633104382777674, -0.29959848254132, -0.2511326192745816, 0.440223913192123, 0.003516284887439985, 0.37447758926629054, -0.4787732731966746, -0.23719439141259147, -0.24812109691697007, 0.3033325278862016, 0.15449819231324055, 0.017721339952083616, -0.36528930863343173, -0.23006153744775637
-0.19111501105119183, -0.07617947300495596, -0.47683191850601275, -0.1694298536184494, 0.055768152729157014, 0.05510087445723264, -0.6625299525424524, -0.13383440082003542, -0.5458589030248143, 0.14475135154434576, 0.3932871371910157, -0.10052381684723107, -0.25810267678668786, -0.4429305367726895, 0.034202690777428296, -0.019667631728534075, 0.3990465387686997, -0.648206373358941, -0.22623345954675886, 0.22907884513059365, -0.5582996980257073, -0.06040068107572149, 0.1658113707106669, -0.1717381616897616, -0.4374610630951518, -0.04138633917071079, -0.004360992134568301, -0.14356291281688424, -0.023662544543146525, -0.20930942427894075, -0.036923855971680776, 0.20423650015438846
0.07695980026158768, -0.11301137360433869, -0.08500340700148018, 0.20358333602988377, -0.1343786378102967, 0.5931733458699585, 0.5809335149898636, -0.12671963559231214, -0.0747540643471439, 0.37154867644236506, -0.3351807978042219, -0.45979854118153723, 0.02830355397834944, 0.6150080507460515, 0.2064226529224957, -0.022138431888357582, -0.21995518594106656, -0.3102944306272594, -0.14415480566917363, 0.12361638575598566, -0.08040094615236387, 0.3061996021260533, 0.08593632334707677, -0.05141875850807613, 0.3951589858238662, -0.2502277530875191, -0.2489417874744, 0.9046039556874977, -0.002239938697420119, 0.07021369769122043, 0.41759835036118126, -0.24423829010089432
0.11776174991063804, -0.11095998243052531, 0.095741343650238, -0.030556299136529595, -0.5053577580340173, -0.10205424969040465, 0.3251938512995529, -0.5096511737422084, -0.19520107459783598, -0.32350806855151976, -0.057076030325425194, -0.255038042875077, 0.1291519378313368, 0.4184874371041263, 0.2304018463402132, 0.07175927846227677, 0.3223063232016137, 0.30208962007527723, 0.12701013655484358, -0.33031653237399367, -0.18123250371711752, 0.4049233906648336, -0.08463009061811269, 0.0035755111441020428, 0.049365425097433975, -0.22225517127638877, -0.3189868705493888, 0.049661775219564136, -0.006183645817340273, 0.13275184537310378, -0.28408091131667934, 0.39412818387381177
-0.14284465974865862, 0.31100302241501215, 0.16367583951045148, 0.12842665582922733, -0.559130278246544, -0.0705577935454244, 0.16226664561757395, -0.15340653575454388, 0.28157713213373786, -0.20646489007650737, -0.10310860609358845, -0.21563093661004806, 0.1337053092669542, -0.28045474558564354, 0.4574413761191678, -0.2951226300356945, -0.04422372017842027, -0.21614646666815818, 0.09989923810067294, -0.27380103076612894, -0.08870514437858172, 0.3870759469200107, 0.3962245285217854, 0.003889840715790799, 0.2651370483624955, 0.20108664654643643, 0.26891013493412413, 0.2888268524715265, 0.3324824869814676, 0.054264947904733886, 0.0321111741810778, 0.007704348967401894
0.020453211305138323, -0.10964685269345241, -0.5099637952631956, 0.5984191050285773, -0.17217355357298184, -0.057767876263014536, 0.05664340685826016, -0.40621115328859503, -0.10875202570466098, -0.07648771644255625, -0.29192919690523633, -0.19994224168447988, -0.09054867883545152, 0.26250706041588595, 0.16326672947933307, 0.032499330082491076, -0.23689711994112872, -0.05630850652291739, 0.0762620786088912, -0.13521950032278293, 0.1251700231164623, 0.3511444073493517, -0.05595881432057706, 0.12372283752000159, -0.05295567567213686, -0.3780243414668856, 0.1341186477053912, 0.24846734263187042, 0.26823419063906356, 0.43986476039676, 0.2314431909117771, -0.10379563562940987
-0.18850942955284275, 0.5663870407803518, 0.07481378398209235, -0.26096529023391885, -0.3130919632588899, -0.1865316591962214, 0.13906475492684306, 0.018328633718089883, 0.1119120845424565, -0.35146980503999065, 0.3724668317285107, -0.09650128392673367, -0.037139416191012804, 0.4801763090022287, -0.04691332377868203, -0.03299747825668646, -0.10683665619025796, 0.1601223735729216, 0.4910337922215585, -0.03670543409555424, -0.368537996994747, -0.344060486556851, 0.17823435162606796, 0.0008461209043589589, -0.18881451299905722, 0.1183993006605401, -0.10044241865567057, 0.2011041776043163, -0.26109904575290144, 0.15770834680396645, -0.2586968054863957, -0.03229272293378338


W (001; 016)
-0.4893048705275509, 0.0005292855202295101, -0.41074085729496324, -0.1772986565339348, 0.1379181545860483, 0.4036620103211024, -0.2315138547914924, 0.29709821392508073, -0.03883445791738267, -0.330122230148851, -0.4097128810523337, -0.11961235969369798, -0.12585907388383366, 0.4616290389214257, 0.23414090227435186, -0.2823905279305831

Biases

B (032; 001)
-0.00021773936630637116
0.00013556628666839258
0.00016008861774716553
-0.0006357983664555196
0.0010593088554268014
0.00021901067505086355
0.001575725759959001
5.6720242854209276e-05
0.0
-0.00013267105558000049
-2.746201166651449e-07
0.0004322210412386512
-0.001232611371153906
-4.196633695554326e-05
0.0
1.1803403612309064e-06
-0.0010481965627389838
-4.028444900369949e-06
-0.0017201976281998334
1.1490177905223192e-05
0.0002901697560139318
-0.0012416562621912065
3.920493048290792e-06
4.463455732754647e-05
-0.0002368083736718872
0.0011037496741406905
-0.002510301856941861
-0.0006302831951192253
1.2585680942303495e-05
0.0
0.00019596665235851294
3.905466812340763e-06


B (032; 001)
1.0205534199481159e-05
0.0
0.0001361172836846619
-0.00020268924680837412
0.0011839457777625836
2.4003016770891906e-06
4.684390066899764e-06
0.0018599231096329504
-0.00032995135928133985
0.0007551706968665364
3.624727963777514e-06
0.0004165502241795642
-9.203673685558887e-06
0.0
-0.0012156172391335803
6.411772317470916e-05
0.0
-5.427775850428805e-06
-0.00030557154148973427
2.552977731156968e-06
4.1454669928513265e-05
-3.538028404060108e-05
-0.0005365155968784077
0.0
0.0004968666467343383
-4.720303908242635e-07
-0.0003590954599020277
0.0005846868249364675
-0.001566705299831346
0.0
0.0007830832432732811
-0.00043130809012631265


B (016; 001)
-0.0030134301438661955
3.763377092735497e-05
0.0
0.0011357045443501498
0.0
-0.002232149599010263
0.0014874706191062386
0.0
2.7533272771058746e-06
0.0
0.0
0.0007872417029702177
0.0
-0.0028811862409112133
-0.00010874739898181228
0.0


B (001; 001)
-0.006277493252455618

Layers
007, 032, 032, 016, 001

Data number
01341

X_mins
730.4026489257812, 749.2018432617188, 718.1094970703125, 2081625742.0, 0.0, 0.0, 0.0
X_maxs
4810.0712890625, 4891.70458984375, 4718.0390625, 503731450000.00006, 4812.08740234375, 4812.08740234375, 4812.08740234375
Y_min
730.3675537109375
Y_max
4812.08740234375