Weights

W (064; 007)
0.46641746150785096, -0.8001304926266971, 0.2615786225262592, -0.5569854743671458, -0.15094859742154432, -0.5060476639688837, -0.1850488114024865
0.07106693578010469, -0.6885002480440314, 0.145085296460746, -0.34085418067468215, -0.9776337806316041, -1.1018262879924725, -0.24197470467105195
-0.748605535655133, -0.2047019167350836, 0.2815912215772357, 0.5207002376443357, 0.5967723390972567, 0.055861514670978225, 0.2093196101874996
-0.030421336751806624, 0.22166645714132927, -0.1128913804322873, 0.7645869392986975, 0.8791284445768582, 0.2799778807826631, 0.2340421144717879
0.40632760909572324, -0.07635529308291313, 0.1521034775383955, -0.12346643233347271, 0.4918818929516819, -0.9367030418772255, 0.03827401414505366
0.26010020861238803, 0.8559045012879112, -0.4054706086552051, -0.5702624642024905, 0.17996386861612196, -0.9965313001834557, -0.009088071650893282
-1.590261109659545, 0.4758145100047068, 0.34750267636406407, -0.7487921596269932, 0.0452796488113804, -0.25100758031459136, -0.193521896532126
-0.45862393671112056, 0.42394314309282044, 0.833827300688114, -0.5425262979053466, -0.7115486866709132, -0.3101751707746043, -0.347848669007658
-1.0563512735491334, -0.2904634752516467, 0.48699103375963765, 0.6297154063467076, 0.13882253925486862, -0.372520847198056, 0.09551774676766735
-0.5494765522718996, -0.18927037940312316, 0.41017235099225524, 0.7854777651406608, 0.8611219744229062, -0.5053436795790548, 1.3235097845236714
-0.10898528833833698, 0.7855759929200158, 0.5964272374056623, -0.23843588136842828, 0.6518833599875874, 0.011483392302672894, 0.7334680773673622
-0.05817812726986254, -0.40234048400925043, 0.8414740592545705, -0.34918681075574365, -0.4066949324606586, -0.3021811517831515, -0.8208923418093171
0.07151632393996288, -0.11030047243083996, 0.16066577091981624, 0.016243335348997554, 0.21537535562090293, -0.6955057322169276, -0.05749384566403996
0.22351886901946882, 0.18735141906746783, 0.3243434866492811, -0.5223322250210075, -0.04965306650998046, -0.08234855976930995, -0.27541975969477167
0.09523241296353667, -0.924726054896335, -0.4230582788945415, 0.10192110812218595, -0.40220509345090383, 0.28713424219697303, -0.16457636609818393
0.36732702945984, 0.025023953572966957, 0.3719318059346208, -0.29381515505591044, -0.16586537042528898, 0.9542242119686316, -0.1932239942719661
0.2553273973014065, -0.41669553851736696, 0.014053758611472244, 0.08281294104771174, -0.2061698298793376, -0.7451210762697228, 0.571592871833037
-0.6566377288698854, 0.7672794420459279, 0.3529124264182506, -0.02205924692379042, 0.6201996850390902, -0.27036060518448995, 0.03083698461174567
-0.22409610838702085, -0.10949487198293306, -0.14137491959392132, -0.7999615567671956, 0.34395585177904725, 0.7282417733870402, -0.14214881094124865
0.9108664308839757, -0.6144068945910376, -0.6649219230900786, -0.8294287563359379, -0.8723709867529925, 0.15511261773599175, 1.0449707670343165
-0.11404077072692052, -0.22932048347889109, -0.11500927335526069, 0.09277663241832103, -0.7824706570451759, -0.02499164622478149, -0.02162010100801634
0.20086218801331346, -0.14547631168223107, -0.3120026825262389, -0.4874249489705691, 0.14561682356497627, -0.8472692028474453, -0.7110950704748454
0.5183205425558357, 1.5369158397699374, 0.777301528446053, -0.1022149577014294, -0.09965793471656643, 0.6075493248440328, -0.5503572853856776
0.47700044665906344, 0.3875471760625148, -0.48710817889448843, -0.002815487499753734, -0.37533600664577266, 0.12105595629864646, -0.8091195232684616
-0.26555289453205067, -0.4093495118806483, -0.6048927228136808, 0.4739333818200563, 0.37859596597145634, -0.3649848680426878, -0.45259640822083713
0.007282765849161699, -0.6682515538229422, 0.5168454719172314, 0.06651739199502431, 0.6904287758021889, -0.41519352093648326, 0.6418816283929482
0.3996232874553878, -0.09279725542593269, -0.6641212199191924, -0.5199583908892899, 0.5187822352586159, -0.048693102912337693, -0.6627574373000072
0.0757156666112137, -0.20622018701768766, -0.16252127971660305, 0.31803975298758097, 0.4440873540722356, 0.12603369058097394, -0.43643318639548584
0.4948073467447645, -0.1837032644854151, 0.03386794704967478, 0.8792109195499466, 0.27961395420910556, -0.7565677816347572, 0.3673475526070157
1.1176281560789787, -0.25538864562588365, 1.2626283718821307, 0.37434590785508803, -0.6107730556396957, 0.16057125458822083, -0.16407060121399158
-0.06538724930222424, 0.6275434509787097, -0.283452737899266, 0.6868101555400713, -0.1549524030644718, -0.2717179680816613, -0.03593496533137269
-0.0064490915153679355, 0.3777114059660122, 0.4212417392247717, -0.5288149247458634, 0.44525212537463815, -0.3057380454381588, -0.4307708031722861
-0.5550110924796856, 0.4325812574566196, -0.012876478014455529, 0.4056912057972768, 0.17906165366836305, -0.2539494394168518, -0.3733833934431269
-0.1308990891889404, -0.36100192023711974, 0.16246796759109303, 0.1871923869484345, 0.09451255982971912, 0.17832718656688085, -0.19826759336314892
-0.30139827592544594, 0.12736610051922162, -0.20921356416018422, -0.6943523972314825, 0.39966272396477015, 0.5704833494887018, -0.12102926894344301
-0.01641246346723583, -0.2397804676815471, 0.47121457710737685, 1.3802411178999132, -0.5855027258982214, 0.02125901074891946, 0.6596519065934792
0.0789465230530699, -0.14815763369449955, -0.017698639269173356, -1.008906018529687, 0.10553117964921938, 1.0275761946688986, 0.39723241251891955
-0.05075829548310835, 0.4841723909152135, 0.22190680729860732, 0.5377205610784309, -0.37245435247643727, 0.430053630821659, 0.3598267998107265
0.9781712023434151, 0.13882850740643124, 0.656802912316098, -0.6083319506675224, -0.7045936638269804, -0.3684837160324932, 0.10737667959088872
0.11267917357332204, 0.8851521773125371, -0.5482583765789839, -0.7752442465344229, 0.15527160091298567, -0.5454296432247979, -0.12451325980143822
-0.6997532993428325, -0.08258747387306213, -0.2971009631997653, -0.5277359954753102, -1.1723210095256686, -0.05779121431660647, -0.9482628097986939
0.09650167628327273, -0.584035933854704, -0.08856703672772989, 0.8086710239032707, 0.32990872847390335, -0.3565172924190328, 0.405253439661764
-0.21032756576756506, 0.5257783025412129, 0.43661718262556126, 0.7285614852717753, -0.27293572844749536, -0.023848056208402427, 0.26412221333293623
0.6001277292258336, 0.005935842239167904, 0.07842583051227135, -0.459545113271728, -0.6135257000668495, 0.1073728459990947, -0.5888237367041192
-0.31976857471189013, 0.1418282500461461, -0.6561149119529107, -0.39493496128933364, -0.5324678112447432, 0.1319345741299005, 0.17581280783724337
-0.18948319482988274, -0.15597971964676974, -0.01583869254211175, 1.181920897498775, 0.3919302286018774, 0.3357896536230044, -0.5710533739251591
0.35862698755830813, -0.6244771789013095, -0.3301749121349597, 1.2431383490956454, -0.9976302581609118, 0.12106442911111137, 0.6796778990208946
0.1554922099116737, -0.17617569982148873, 0.07666931230536117, -0.30616086471672405, -0.5703358994575316, 0.2821194645914138, -0.10089883636351613
0.4626213329159652, -0.512614778956561, -0.01951150451779867, -0.24466878647421877, 0.6076614121483641, 0.6507261489607243, 0.22711251505315475
1.1656122604517296, -0.5537854335438442, -0.3962746005711328, 0.1741778862037225, -0.22122966632965468, 0.21643542500893656, -0.43660801355312706
0.7921234657886628, -0.4425748059403836, 0.17993372829973306, 0.8819954360427468, 0.9917703895687656, -0.07718491580418338, 0.3983232286516947
-0.4242813404231662, -0.25459947349063733, 0.5666784936932594, -0.5026837961972855, -0.020041652157790676, 0.4803213513997808, -0.22003079428817127
-0.06814565272489598, 0.5537529347726748, 0.0782547555369257, 0.34981704433740074, 0.242407049643374, -0.6794703614903373, 0.399120324581914
0.6016211944802722, 0.3459444973006585, 0.8761616056819072, -0.5400661177439439, -0.48525988043566526, 0.44396109313888893, -0.5194240984904906
0.22854267173633, 0.5117948247102466, -0.44576584156886034, 0.2836267186975012, 0.287151092260997, -0.11676861533355733, -0.3018555144222281
0.24517238600499547, 0.16343614451906904, -0.41488464800951114, -0.2845609425071595, -0.16713798701707167, 1.1678003968934376, 0.9669245017961375
-0.18070227813066045, 0.10883199243923601, -0.07711277129168105, -0.6497165626304097, 0.16630102485133333, -1.292566361144115, 0.8459876830043174
0.4939138819231588, 0.07969477419801219, 0.32686567461947985, 0.18439542394689637, -0.38847629526334204, -0.20358427915013394, 0.2903584438251964
-0.4845454807740939, 0.6159176337476867, 1.021589188999447, 0.46107646381979805, 0.27820713960643756, -0.9523052143770822, -0.5458723190861927
0.4568250711572234, 0.6199612058647693, 0.11326024988280836, 0.35784253703856495, -0.18913777393708814, 0.8047111809500481, 0.3696943516870952
-0.25223720134889777, 0.7958677183842462, 0.2645064731785243, 0.6845434808108993, 0.07568967456949544, -0.2818366533761719, 0.04157873455357807
-0.2367954929166239, -0.18579702818909272, -0.20275552345841788, -0.1754242743467471, 0.010563493151201291, -0.4305242010502698, 0.23705547529615648
0.3189330283898842, 0.5267762777437699, 1.2528175401929897, -0.6548361684759446, 0.9231016313238783, -1.6141699946113224, -0.39220760480660877
-0.44394220980689914, -0.41199250505440105, 0.7062338734935052, 0.6316072481494022, 0.8462830617183573, 0.1757825076668169, -0.33107901643977994


W (032; 064)
0.24823857403692243, -0.03245495127626196, -0.05845610643801737, -0.18709639826550092, 0.15908157561236952, 0.11955546474405077, 0.19267755761068758, -0.12367869314650475, -0.10570444845316933, 0.17394253223960784, 0.2191714292084672, 0.14241960444308885, 0.08983849746710103, 0.27855801884273823, 0.23919656801703496, 0.004080442648907308, -0.16327499448787774, -0.008809389217325849, 0.40826040102324745, 0.2974542269816829, 0.03694943529012785, 0.1931753125655666, 0.07362233254861852, 0.015764027852038814, -0.22978397935052935, 0.16658453419438407, -0.13608488959873477, 0.3319364712071158, -0.2571100685942359, 0.08702286239321307, 0.07823292293559843, -0.026042849048155244, -0.015542563252201479, 0.02842136560740663, -0.34926738580842037, 0.009674603930365481, -0.31023557107034944, -0.18436771434948585, 0.0692375096349322, 0.15560637865916965, -0.22122060376242045, -0.1801237148330567, -0.0019940553904355834, 0.22924881884830622, -0.17054943468157713, 0.09518409401945559, 0.13810289568781037, 0.17331014618122423, 0.04764701505324966, 0.11861588443412792, -0.07180286451906029, 0.030952514656960004, -0.02547799121357634, 0.19228744345864549, 0.14194118724042412, 0.12632484892679896, 0.05800808373912716, 0.07933180841489577, 0.003428357050788721, -0.08073754633111652, 0.27191567637412367, -0.2908361706102253, 0.08852242060402515, 0.054868529439019306
-0.029800024892593462, 0.13360784734316908, -0.2746694399708917, -0.3121073560342768, 0.3173557286851386, -0.04435958233823501, 0.008253724191940745, 0.21195120475899198, -0.281724569216951, 0.3111468354225727, -0.15147010518333884, -0.09178631662431477, -0.0491447535185681, -0.13088843442940024, 0.0905438629215552, 0.08658597167453079, 0.026958356277284143, -0.2360559847134195, -0.016376958864569812, 0.0057241131891024154, 0.26934970018410986, 0.20840076459643606, -0.5974781603641883, -0.03868876404060889, 0.14493320115093153, -0.11826341546019549, 0.31883318594566523, 0.0735798239590183, -0.14360290461883923, 0.32809985264124003, -0.026551699323932924, -0.2832341034270186, -0.2158737953544143, 0.29421307419989035, 0.10869930240062944, -0.13794467225805515, 0.26363394697970316, -0.2031830012510772, -0.007388457056703376, 0.029233579391869973, -0.2620308696276925, 0.16588594498954962, 0.03244928715320729, 0.09705328530017386, 0.21858390212815865, 0.029807264476356753, -0.0949774642734601, -0.25415620626408236, 0.024581909614235974, 0.14563651517508713, 0.08711682873196654, -0.07324749098001375, 0.24455848878782627, -0.1019932366292314, 0.2505085090160608, 0.10205979520335406, -0.2801817478158907, -0.10366649913759954, -0.08548505022873827, 0.05284167636092973, -0.0967942163732575, -0.13312831630104793, 0.4471238555873468, 0.25548926263305977
0.10596484282316888, 0.09309048941272122, -0.21402101717161773, -0.03986601562908281, -0.2629774648774454, 0.2953824442966702, -0.15166162118423923, -0.14826007852164017, 0.10376082007056836, -0.18264551464768858, -0.15825401160195463, -0.027005496814091264, 0.4370560635271665, 0.08799199100846482, 0.2067498211044511, -0.37964050992961523, -0.07752378500645417, 0.14102215921711198, -0.026893807241442236, 0.02129037828934431, 0.033337642671263226, -0.02583220779910721, 0.07939322250578883, -0.1621200750799478, 0.0011121149115449497, -0.04803968972712757, -0.1277526951938937, -0.13783353649761346, 0.35902588490295706, -0.0272916903611745, 0.07421554310704727, 0.03226319347278248, 0.3267172110510171, 0.10799687294687432, 0.05117718080002688, -0.06646311682811437, -0.2751470640070227, 0.21753943250299446, -0.10306385918494097, 0.017525770926539477, -0.3403710139962496, 0.2783943754372476, -0.07237486139232968, 0.025930525499939384, -0.13405366090602325, -0.017260409113172857, 0.02815013552890499, 0.013263962770304253, 0.06480999660718248, -0.016210646682373344, 0.2792174243211673, 0.021170664669424858, 0.2591711076856066, 0.21079414648257247, 0.08169428589709121, -0.05169036698926819, -0.09606448984170175, -0.07365624748002325, 0.2515889193801691, 0.3464116337666623, -0.2112833433756613, 0.02169526642203741, 0.010112825632641329, 0.1414094958703337
0.09540193906440604, -0.1239684571435697, 0.6312005021257672, -0.19741973528670356, 0.33441807145559643, -0.1948463274429117, 0.10382057862262191, 0.04863562979220968, -0.08100923643860408, -0.14573403170976615, -0.29480027623061583, 0.303699919361707, -0.057806953575478326, -0.12464871160745855, 0.0005797847724442724, 0.19812059465586265, 0.09071228496069085, 0.0474224628329558, 0.25802866328260116, -0.1773247396016929, 0.21139907030175634, -0.10964013543131734, 0.11741696789500809, 0.11198531910343869, -0.3838616059534845, -0.14210780841370285, 0.017596416121193288, -0.06427586652696905, 0.041796287262816534, -0.14478185910328725, -0.10730218965208589, -0.17141416398350603, -0.19940137150508558, -0.18653909044113312, -0.2774480372511173, -0.18221702303583084, -0.17668550824410262, 0.056625109503250934, -0.11123808953478019, -0.17672440777013507, -0.0629932663435884, 0.0984854233187646, 0.16733959992503317, 0.031233731727712603, -0.14012587441131735, 0.033426145290953786, -0.08034432511937965, -0.1137201168457281, -0.22693590442958564, -0.22596918743638655, 0.2511741335684388, -0.009291953545097608, -0.1674108992368895, 0.13610145874246304, -0.06558896399288863, -0.07427884397959218, 0.21969038223548132, 0.452714020942134, -0.29167897943692384, 0.3362825966402925, -0.4280306237077117, 0.06357437496786257, -0.08337061907519906, 0.11554254022805009
-0.10618083414115209, 0.20658491025795525, 0.23104213156613257, 0.1904382934099563, -0.19479681750469202, 0.1069306387049763, 0.4057218007713058, -0.18805880565770197, 0.09543710750691056, -0.1454968898210231, 0.22667442304427252, 0.09491987756204338, 0.236091978207484, -0.0757887706275584, 0.03482974157053711, 0.09545277497273302, 0.2275691941382664, -0.22324331991263313, 0.29398802299608695, 0.0790265234046157, 0.2572239941867375, -0.08248727071181737, 0.1173148551143984, -0.16915505516639634, 0.29108184222842354, -0.13089366616380257, 0.06772775107382223, 0.05064545128531743, -0.042141287323479014, 0.009543233309465772, 0.10673429909907121, -0.06737916991915789, 0.03890080557918576, -0.24838625702530778, 0.019556613605570924, 0.23993270904625377, -0.3331275286023696, -0.05366195094219404, 0.12962720574266653, 0.11594595772656548, 0.0006798418418522066, -0.2920776083064724, 0.23969129920776117, 0.1996692863651047, -0.16223195217222056, 0.2180284536593708, 0.30578669174968115, 0.13753214181793014, 0.127017554857188, 0.034463302838628036, 0.3344341354865765, -0.24403365924177242, 0.19578464997293135, 0.025849648169721528, 0.0044832281536390205, -0.06218679118150167, 0.09038349472736416, -0.0709698437006408, -0.351558417880906, 0.21294205616108883, -0.08343402929331234, 0.23352377870255772, -0.2578987684258296, -0.059237611776904384
-0.12222553972751656, 0.14691848217009637, 0.005198231954972451, -0.35520016087709166, -0.1408268524440238, 0.2292257422715445, 0.017722763259040798, 0.02233545564114168, 0.049548142021953324, 0.12847609053322293, -0.33443597527414876, 0.07242446585624267, -0.09842254833655643, -0.11389219622007503, -0.13999242533750317, 0.2076450470275521, 0.12642162013329397, -0.271411881164737, 0.0014941718630441104, -0.04852319964382299, 0.10144351964560122, 0.0435097071217311, 0.4348112527442764, 0.22759553488451056, 0.07361720774121817, 0.24831827794076825, -0.10184021596213459, -0.09204153407420147, 0.24776496375145668, -0.2093285721295351, 0.06608113219362523, -0.3695358199102028, -0.13528359523234407, 0.3025150323748926, -0.14110820380026734, -0.06311420178601024, 0.33211731665915617, 0.2323033776442726, 0.026587987052351537, -0.11004075931425257, -0.10189187446009572, -0.17917102518723368, 0.050129942961863946, 0.27752332359826914, 0.13254874265873517, 0.11834873983222192, 0.1164673361654496, 0.01963243421219729, -0.22641282007470714, 0.020303174879304813, 0.24418930424599664, -0.011720449026101303, 0.2317212753652088, -0.290884443555195, -0.006145647784612804, -0.36957753700070606, -0.01522023052209966, 0.20084567717692686, -0.6394613260733322, 0.04598584711729525, -0.1636638878398466, -0.17372344834980954, -0.1686244768076574, -0.10676956294791312
-0.21173124355226658, 0.002741850588084989, -0.1408378484538169, -0.180826444690942, -0.04764677574405398, -0.21111942196137956, 0.044873227904761226, 0.15562973595361443, -0.31526946642588294, -0.04334685042377203, -0.04151700240193077, -0.0948502558738442, 0.14950461938643658, 0.08621772635397532, 0.20616215575018018, 0.03944103631857896, 0.17142938960845044, -0.21455569868168264, -0.17086294222140497, -0.33723265213587555, -0.2813120169826413, -0.12166274476703093, 0.08559667368368641, 0.07329044248441967, -0.10475943878368145, -0.08092965851305452, -0.1279620996453772, 0.3360696780074592, -0.07250554004061582, -0.022192703221648163, 0.07211559253015662, -0.1527647433995511, 0.42758900085421087, 0.05100496690119964, -0.06225471998535094, 0.14231404597551905, 0.02623484580602543, -0.012663255482396777, -0.0016930551702075403, 0.1957357344446479, 0.02281715771789806, 0.2323855233381828, -0.1562249689257065, -0.06965876135060417, -0.449160476428478, 0.33278474914180967, 0.05503027308342729, 0.020993412235608123, 0.07360579929607776, -0.14750949584500814, 0.025297605524633685, 0.17492139132579582, 0.12850325517706393, 0.07028746922174757, -0.04406238983792814, 0.061427998143356186, -0.03736692800542702, -0.2552628587256147, 0.09849618503192906, -0.06419773793425149, -0.3994691805721156, 0.11902292349828839, -0.03915744374254585, -0.09301249737540693
0.162536373552746, -0.1159690501970721, -0.13985379001998502, -0.38711228443595874, -0.07374819522705439, -0.011463175100957861, 0.04015196467885753, -0.09615828488865731, 0.19465697629787435, 0.05761618809676797, -0.17065378608965975, -0.028467610306078434, -0.01672080330300424, -0.2410868486564433, -0.10566165741898312, -0.10866760049319976, -0.07324412921170673, 0.04971082447121819, -0.1798578726020388, 0.10997160520851486, -0.24923479428195383, -0.1577456669916139, -0.2238851425359966, 0.07141141055685153, -0.09348671594055791, -0.17016955270567502, 0.09731273147514082, 0.14164886146124597, -0.21841017813272423, -0.004096735696774078, 0.08331263592909866, 0.020285842181918035, -0.2477674363204783, -0.1989853405203046, 0.1130618879922197, 0.04431695623627089, -0.055112907630569245, 0.08047193133689792, -0.19105207081768855, -0.18982678023525174, 0.012913793122563846, 0.07773336680203367, -0.26193534566875154, 0.07716225861031997, -0.2287399175031466, -0.016409677241922212, -0.046014977072992694, 0.2396469104239212, 0.5515335537912244, -0.041059964799840115, 0.0498927106144452, 0.05532097315969396, -0.18912919527108715, 0.10753403926799902, -0.10404189170465407, 0.027925425154057545, -0.1534286851996352, 0.17232124545555408, 0.32987903988981276, -0.19816154598516028, 0.005375107730415612, -0.029504419776519714, 0.05257107607419388, -0.10608656404572264
-0.16250070439253053, -0.08171190673119602, -0.22681534323926597, -0.1367904015064384, 0.08467307197665537, 0.04424933400506662, -0.5086600747287521, 0.0776027604075395, 0.21765094391174603, -0.04795987056213832, 0.21368491193477868, 0.26695549827412435, 0.07154004161416726, 0.06177070418212554, -0.1019507042536312, 0.2026589778534301, -0.0021684196857368714, 0.1465803760643333, -0.011347815652164105, -0.3242970897938539, 0.13790783336899923, 0.1153871420559589, -0.2907702046355602, -0.16697576535017564, -0.0009545528989025853, -0.12146771627273036, 0.04670663922160664, 0.10755075048275368, -0.0552301616275194, 0.2189636415540498, -0.12773519953741813, 0.018572637568693727, 0.1079628947488125, 0.21595094205575005, 0.14980950515202812, 0.1088906889950216, -0.053997172281295726, -0.010829459772180871, 0.15360513137263113, 0.14928151447361274, 0.07033129200212218, -0.13520364133655075, 0.04617757186464417, 0.10119778881754535, -0.279502729500885, -0.019120925227318824, 0.1825902646218297, -0.5093061642304941, 0.1605333918937454, 0.2224451489240304, -0.1728332304383068, -0.02928958820582177, -0.10533709766663737, 0.210581891165435, 0.17209141574631814, 0.15992853653312847, -0.024788876538200232, 0.4172044281866193, 0.19454952105456394, -0.04575586770682592, -0.05153890734296552, -0.16422470795071833, -0.10460026898153292, 0.0929162127318289
-0.148720255044995, -0.05090602632636561, 0.01716116692314154, 0.01582598064615746, -0.1626080646819001, -0.30031740774312776, 0.1994825097933195, 0.09047706503000318, -0.01953834524896876, 0.0874392329610516, 0.33143122876061903, 0.19050072089785897, -0.3176327909746929, -0.1111908301107116, 0.007871047667440885, -0.06959558505401776, -0.10724082384624176, 0.13262395571709212, -0.0193807255859965, 0.2269949141704315, -0.003547537326528083, -0.01283909748175445, -0.09937520425382201, 0.0327894723820418, -0.08124381666481252, 0.07896778593950476, -0.18090647848107513, -0.06239401320885936, -0.10774149985328936, -0.08055102005873738, 0.24803611551316287, -0.11687501819199289, 0.06458144987944096, -0.09335852021451886, 0.23708984321198276, -0.21577833775485095, -0.16157734206785654, 0.11758536188581958, 0.07257092448067125, 0.014224303127848292, 0.16193904681377064, 0.09786736803655396, -0.05614628111667068, 0.023767473088750036, 0.07067195801467577, 0.15556933101201886, 0.13692200099186072, -0.1587333406438982, 0.051545928927007274, 0.27252053544461574, -0.11516967963978955, -0.029813505118311268, -0.18875286841832078, -0.24102554315259664, 0.23825699965221006, 0.3821457385591749, 0.13990410568846415, -0.09012297589027908, -0.309589980750669, 0.1543585514078972, 0.10041499963484031, 0.13717801453086373, 0.15715956985806684, 0.029658287750188052
0.17037139475955188, 0.14794405752514764, -0.23476111434986013, 0.15784044090448066, -0.41303446440406655, 0.04822279108429526, -0.06414884653083981, -0.20712494419677036, -0.2818432778834685, -0.0711064773997363, 0.07368101306434023, -0.18737287289520227, -0.07921593138039867, -0.18785243472554966, -0.21381059232201047, -0.009565029256892848, -0.23737490970039887, -0.4262846637307624, -0.016148935695457455, -0.18556223854974369, 0.013114619217429355, -0.24057241966881926, -0.3306751322922145, 0.12563453394232235, 0.0341234936339803, 0.04674645661519071, 0.02523655513986455, -0.13500534045647924, -0.34416295489917154, 0.02631698234002859, -0.030104253287008286, 0.2276427465560146, -0.35881290221466966, 0.06723974770076634, 0.06021144520281438, -0.06368889136770708, -0.048012349747190264, 0.19636248890638366, -0.05564004701205659, 0.3668904998266928, -0.039931270190415334, 0.0695355828332393, -0.10511073120637744, -0.04933007086407315, 0.0025114908700956005, 0.14090188226845896, -0.0010635454132592091, -0.019056604914063153, 0.005045482041723967, -0.12000800497156211, -0.09713853969674023, 0.3154812228182693, -0.14535190504418288, 0.04988634637386709, -0.28968665764496837, 0.259154184282182, 0.06265654739421975, -0.13133400199763237, 0.11210164222678051, -0.07834804985369924, 0.09898653069742586, -0.32523137211597436, 0.09232246491271111, -0.055222408900451665
-0.021137516992711998, 0.20797145378420512, -0.40391255977250246, 0.10796011844261637, -0.014218554919226458, -0.308702407837976, 0.22381632036804655, -0.0030650849508646687, 0.015744498817955626, 0.008638786604292216, 0.2408949444224015, -0.12500976426422492, 0.10854623504700092, 0.17050551332559552, 0.14263186583159917, -0.016246342899818113, -0.08526524753546062, 0.0014023070384609558, -0.08765006022247426, -0.07750502898124687, 0.2202923143792277, 0.03384916035507205, 0.053418143373637435, -0.2628446224090212, 0.2550486548002055, 0.04756506593743901, -0.1185374017721203, 0.05839505152160345, -0.0988510076646832, 0.12274560161300513, -0.26174836923507655, 0.21625758480853363, 0.17496939743522882, -0.022676419859007518, -0.05259844747431675, 0.07602642576574274, -0.20075856834826772, -0.005137444720965652, -0.09853939303653875, -0.07694067688388365, 0.1153997457257542, -0.1510163494967431, -0.008475745263644948, 0.16767124722419, -0.038022178347568256, 0.10889250975305652, 0.002064279973591991, 0.03538128788583241, 0.14458126279399924, 0.1657971464931831, 0.0335762178671545, 0.26376170318064873, -0.16591350537705346, 0.15427315348814863, -0.13350333173320825, -0.11654688993759932, 0.0022485954215770263, 0.020222979452110695, -0.08518683526592634, 0.23347993067526462, 0.021216904924944473, -0.011800368581112585, -0.1408749164173124, -0.129042374364037
-0.08121187082076482, -0.025179265828412435, -0.36256732528431, -0.3404730162843482, -0.2575895863424651, 0.27930454541719707, 0.030439414589830134, -0.28826504178870604, 0.0475160364627426, -0.0142695882955234, -0.4585046032839001, -0.12182624108936502, -0.442728267978302, 0.09808484379398376, -0.05030866886808138, -0.20643320182024977, -0.08024241895844737, 0.35345694251962806, 0.05045718811677064, 0.06749027376569415, 0.06625936195093621, -0.11203739702797676, 0.04526348706529682, -0.044536749681433827, -0.07791022478623756, -0.13127428598184016, -0.029420713737912975, -0.20431881781021177, 0.151591707903433, -0.13066797177600709, 0.17078202496671996, 0.08417337763153483, 0.03479750644244749, 0.18483551541026863, -0.20085503886994724, 0.04870695226973081, 0.18690861027479663, -0.0396435798180965, 0.4344620593620634, 0.036909907018360735, -0.04745311726187311, 0.23407847317988187, 0.400771598876877, 0.034949899745776086, -0.11610887191629796, -0.021762074373279417, -0.5642821899079045, 0.21674926593445737, -0.3045055551495197, -0.1318875489069056, 0.08632817615266951, 0.2488292498208625, 0.21252688337826392, 0.12122320617557159, -0.11031888668246798, 0.49191697497234843, -0.1253228089716406, -0.11852391247721503, -0.06034964958241838, -0.47027005293974933, -0.08604605000299512, -0.07432334081819497, 0.04605428382027031, 0.03522590438042188
0.2573390750608021, 0.32375431763700613, -0.3404030157349471, -0.08235104504248422, 0.01899964834251656, -0.05606308499265429, 0.05407505398279259, -0.01917383614281915, 0.0467595871705881, 0.1430276497549887, 0.02876757348038282, 0.1870404958918275, -0.2082731307510165, 0.18677633053316134, -0.3010247168854908, -0.1425639199511065, 0.10363495629432917, 0.047040973643022135, 0.013257805533903393, 0.3727222771816833, -0.09841344544105399, 0.27360488019233065, -0.2731470279479731, -0.0949617251318764, 0.10842351816586586, -0.013948373055266387, -0.11355867114912378, 0.2807924857140839, -0.2627973375040137, 0.00010596675822780645, 0.1364296867166978, -0.12858141373191126, -0.02699153824101959, -0.08916988243280563, -0.027919976393821225, -0.17568353354844374, 0.05293982247813645, 0.1797549491688324, -0.1570059306791246, -0.28767900815487035, -0.23981766235989269, 0.038581604869522564, 0.01884309743276358, -0.16037694377022108, 0.11299041182427833, -0.17929368808881235, 0.22935222003892225, 0.053508307742181405, 0.029116770955144325, 0.0177767386011944, -0.4741124952372379, 0.20205802216039212, 0.017199121705731228, -0.1251906138140933, -0.05367747612095112, -0.14406446116538812, 0.03042174199353674, 0.10654537854850075, 0.22723693565192235, 0.36173082680525964, -0.05245402271951455, 0.058215208679834575, 0.25767371286750446, 0.167303930126227
0.10751357254899847, 0.06362321736030757, 0.24629508681029846, -0.25751904268461306, -0.18595015220938454, -0.15291189867959712, 0.08801365602109455, -0.005485124709289909, 0.07031779974085943, 0.09804425996370444, 0.16783577835803964, 0.1330991147011973, 0.24835128583622607, 0.09558985503927382, -0.04993790080570249, 0.08459810217892198, -0.1127494660738341, 0.06725037421179883, -0.12354731152168862, -0.202790311049594, 0.01133430104370029, 0.17119305087937406, -0.1787122439595477, -0.003104058334272229, -0.10714173348549436, -0.1096994518841669, -0.065800822589991, -0.18672886837933314, -0.3059784023072621, -0.07215440503429527, -0.18703974144862523, -0.582340296557508, 0.061654862152770225, 0.14948967498589102, -0.18289712416901896, -0.19237197101140774, -0.1362945098292434, 0.2998117251844216, 0.3066224876289247, 0.08360766646396481, 0.11712367186942933, 0.14114719125440828, 0.11230248725389552, -0.21075840606524923, -0.029537683710887563, -0.09284442548967677, 0.2998768473761407, -0.018941278386340788, 0.031145779657701666, -0.1538066950802193, 0.25603376282766327, -0.01589435096786506, -0.21022219772140208, -0.18424102356813443, -0.009946470026267699, -0.047124824769983545, 0.14555969820596132, 0.10339309546415502, -0.2081344151257155, -0.12146942844266344, -0.10173832996957484, -0.1390872574061917, 0.1944158400074212, -0.06117995205300127
-0.046945924469368815, -0.17291832478216507, 0.39428883507185175, -0.27522357858178276, -0.1511849436607987, 0.19718126036516898, 0.12892934470941952, 0.22945273417059578, -0.2046289066293762, -0.1198480828194886, -0.11192910626822171, -0.11069478712846793, 0.11241919029062723, -0.11339101727977499, 0.035901393499820446, 0.08796316904970394, 0.16389420811388247, -0.04085000128068817, 0.008196633984267208, -0.02085018525607647, -0.27522836127517025, 0.22547596210279391, 0.03390852651833621, -0.12752877497750206, -0.03687162937811505, -0.07681837422866084, -0.053298929289390985, 0.013083768838976988, -0.20036202115606208, 0.1296478286305846, -0.12617416287648145, 0.24048714740708596, -0.1781056488983313, 0.0025058177980555713, 0.071256800921959, 0.056785669088247524, 0.09921611306617668, 0.015783517680740922, 0.019785515505785514, -0.13859182862857877, -0.5211332444630912, -0.03552744184829696, 0.28761971975269907, 0.12511819456266088, -0.1469140073129696, 0.10402984384628726, -0.0887792677011243, -0.27247867012064547, 0.37799493558514924, 0.18922855076102313, -0.2182345621904868, 0.2619277753996359, -0.10999820763092198, -0.06008063652374604, 0.09899525858705018, 0.2604594038528022, 0.21956890060858025, -0.16819977361592023, 0.33910277351114426, 0.14552516696357273, 0.2064391996962544, -0.07467648520714797, -0.021909210420028226, 0.11826812598887283
0.2182002882210199, 0.013976854393451173, 0.11845352011089802, 0.10219804591958122, 0.042149421539157024, 0.115482306352958, -0.06140737920882817, -0.021176004642846098, -0.12629550696962027, -0.15378787571213656, 0.09709084269951623, 0.23602371966787986, -0.013366526675569248, 0.25631263313919345, -0.1982686263903517, 0.11323220927012499, 0.17932391285550364, -0.22889453535917895, -0.013340911700010448, 0.13639781776681725, 0.16962113269111806, -0.08989326243464309, -0.07188000299925458, -0.1437737912555484, 0.42402584213512295, -0.03754722490971592, -0.32592126310557146, -0.042239145950909336, 0.11966597455480713, 0.08449092488585058, -0.07444800735462524, 0.0891300812586649, -0.03581826970048382, -0.1342430034181914, 0.03763041639967501, -0.0788673793437129, 0.1570268462897871, 0.04062177208051306, -0.13191896270306602, -0.23834530309539248, 0.06973267877236564, 0.1952673531994969, -0.05165309664999284, 0.2530217396470104, 0.04629437840776464, 0.18205970454322087, 0.006015440827317071, 0.052794706280538076, 0.004321005892886479, -0.26163713567875657, 0.06139520103820093, 0.045169481698623434, -0.26933253053497286, -0.11151341189267919, 0.3785502166191087, 0.04291001838950798, 0.20849527921818123, -0.16988906688032135, -0.0633951272017356, -0.16053342306461998, -0.12632422497636947, -0.08848108515064858, -0.19414998835911504, 0.21410405880221245
0.1835169170201464, 0.21594520281328478, 0.3549205952042271, -0.1170786119972156, -0.16490627071867778, -0.3222212303168385, 0.2167689982564791, 0.005156947123781719, 0.20779089338538514, -0.24518329518819687, 0.1345195805527679, -0.09986634969899726, -0.1972342843504636, 0.360467595877168, -0.13633949136312867, 0.32069337450391405, -0.16037225133914265, 0.08052966614756361, 0.15884778319272644, 0.1797703425234765, 0.2883733166108886, 0.15498614118832552, -0.11419671797791843, -0.013942983287555947, 0.09167559224052527, 0.33065236106983187, -0.09338911473996632, -0.0051846692234128935, 0.4161772810032636, -0.36762108677372696, 0.24789869891002245, 0.07897524026252506, -0.11128106475083938, 0.10541356240595905, 0.18669770294192092, 0.10740289650010676, 0.02024707091059637, -0.08341825655562682, -0.1972897751878676, -0.2381717808596035, -0.30820018328323223, -0.20969096767811496, -0.0622425209932039, -0.02922590543492011, 0.12504366635905134, -0.17908042204891828, 0.12945156184727205, 0.1649698181071388, -0.11495062278618169, 0.005502057188934068, 0.23119916837935323, 0.05424214825491059, 0.27251306231962424, 0.10377069134828927, 0.07142308519163311, -0.23462503136700052, -0.3389944392327271, -0.07787804246895334, 0.24570652799253861, -0.054873987989193115, 0.14362874787295368, 0.043216300300525395, 0.07325668187545302, -0.11336935680895555
-0.2424314115791304, -0.11789267133250432, -0.025939248826455482, -0.017607851944405235, -0.015197914413889464, 0.06504835146915718, 0.08522905803752051, -0.0768633662266755, -0.2913807031228949, 0.08528325446993201, -0.2457460251739438, 0.15999115205647232, -0.04314275504841144, 0.16287746869871902, 0.11065245603808051, -0.03844171609564493, 0.07438319971271834, -0.0748357162063635, -0.17983446953168183, 0.05801387415540505, 0.1698195443319363, -0.35158162503250845, -0.10771671951290118, 0.37097073242433004, -0.040769725622695645, 0.0005574792447069283, 0.18301518452339413, 0.08361841688376223, -0.2785386700684636, 0.48654819387807496, -0.08039179607393102, 0.04982146402605189, -0.16233532309080792, 0.10422395198033498, 0.0473387281174608, -0.5656437710934972, -0.01088992049192502, -0.04497836877868683, -0.3218212035236731, -0.23054665275426395, 0.17963348581689903, -0.298977687538493, -0.23522485553442177, -0.07364352856433229, -0.19938277501602295, 0.24563544750899982, -0.1498499077882566, 0.05932754761738368, 0.10125347325940133, -0.030177538973162783, -0.15383244815684974, 0.07998830310999348, -0.07448554323737473, -0.16884949027661264, 0.15345314454407058, 0.20522465871570184, -0.15563305782863784, -0.18549102641074314, -0.11148391910291253, 0.35736941714666737, 0.07570745458720331, 0.09412309279411007, 0.005524048989651131, -0.0769129996874225
-0.30406362002328785, 0.1783250272176237, -0.15611758604342932, -0.011236889923455715, -0.0539698962622758, 0.12075228472382069, -0.16814840660054994, 0.2502554250761001, 0.02983669711073943, -0.2462334576004901, -0.31541482209405713, -0.018868008257179786, 0.23505916563289353, -0.04312237417789528, 0.3103096404873918, -0.1936152933071272, 0.3493609839043268, -0.044290977067368405, -0.33581596179635764, 0.12212154381385273, -0.1603978686766328, 0.1884280913699075, -0.07236080883060361, -0.2579819940485606, 0.15336770240994377, 0.1353886336174686, 0.00431174716559014, 0.05807581815508585, 0.09273383508542682, -0.0258588167868486, 0.02225069705288273, 0.011684667754499627, -0.12048449412864864, -0.3391448961381162, 0.18130627099290927, 0.11535839286228099, 0.10726138682338988, 0.044447660464531615, 0.03653656772080077, -0.18127352738392433, -0.0897753175239402, -0.14672097941996395, 0.002577660312260581, -0.04443458631314652, -0.06951126990919466, -0.11903744510484358, 0.0893741723478198, 0.20383093663220078, -0.3171140864348315, -0.019888318051304227, 0.12948567211721584, -0.14426902411561063, 0.034108394538532996, 0.15856651658863125, 0.10661949728465141, 0.11399989491262072, -0.015994493829818046, 0.21526707566481115, 0.167508527345372, 0.09233001689253838, 0.35435485708691333, 0.049246633245178376, 0.13772607193869307, -0.015453950396052496
0.34836873967338555, 0.10533569545410193, 0.0577607130349637, -0.15536213465658888, -0.06104157772356317, 0.0009398892495470796, -0.3543011758901145, 0.10595233058870651, -0.10303284223600913, -0.07791128191153535, -0.03765691047957802, 0.017847774409189686, -0.18866578376928303, 0.04710965664474505, 0.4414186287944334, -0.15304248296156484, 0.25375240951152506, 0.23406163312938086, 0.28059571742597594, 0.061722205853666987, -0.24818291929600086, -0.13106693169527658, 0.07046125469856496, 0.20273410800037825, -0.15249828062280238, 0.23409233599552948, 0.22604116337899474, 0.03394738644645998, -0.2742567416002347, 0.20145304320163354, -0.14375798864952077, 0.21491310029811334, -0.29477427007733525, 0.046982178177082966, 0.3945690796560432, 0.06512225200031647, 0.0967468595391757, -0.14179858601921294, -0.16820405296567054, -0.17933625214839943, 0.19395858611442685, 0.11112504163253902, 0.05902632170028994, 0.05308126088664785, -0.0718910621624084, -0.1098177622187723, -0.061022852168457965, 0.11882416480964456, -0.10332639893486882, 0.05842259244661423, 0.055538358505224504, 0.16750532610748095, -0.07322389556152663, 0.2093867970445297, -0.2124198583077524, 0.2868771512129638, -0.07568495810774158, -0.06888662156026833, -0.06490665222235313, 0.19972535874465636, 0.028157905833347742, 0.0864173063841768, 0.18203310873227338, -0.023741737416795437
0.18775486974087482, -0.38820394434631605, -0.05121219716861621, -0.0841634893488003, 0.016604652886272046, 0.19344121710940218, -0.16194420806994034, 0.0014854464446663461, -0.3477549631278955, -0.0186737046586523, -0.022041626640372448, 0.152339082111018, -0.10686098830669588, 0.1579457967209788, -0.28118077049127227, -0.022138195056656026, 0.08072419447832536, -0.1323241917552644, 0.03699458717365064, 0.21162199819782207, -0.04728994340830437, 0.27257426072898133, 0.1487563093781418, -0.0795330340541205, 0.0797708326296866, -0.046284215531855154, -0.2644559045079673, -0.017599138805684485, -0.31115361612171255, 0.05918245238474903, 0.12929703739522322, 0.11021980975331613, 0.016779911832335945, 0.08216014905131688, -0.14252364011967084, 0.243078911105021, 0.23200118100016182, -0.24528884649568755, 0.16598614475227502, -0.05267464835255152, -0.004559302835684912, -0.26395715629653255, -0.24946028319860544, 0.10394170841087627, 0.24541163191721224, 0.1910861571004531, 0.18353339871336716, 0.3383366718322032, 0.19460859256247331, -0.13840035977532794, -0.09167875664266072, 0.13299929169717523, -0.16199286187986173, -0.1325359327296168, 0.0485436175064972, -0.03941692050380966, 0.07605700747331404, -0.05086276665517377, -0.1724030614691165, -0.044259866073663695, -0.013358961589257031, -0.21362986072871346, -0.063463289556183, 0.22562336850943795
0.021262463669088894, -0.08988382968658162, 0.04020532881658989, -0.15862395060459258, 0.1255005547466794, -0.09585221066225642, 0.21743035420163115, -0.20552873155907794, -0.2280463454484989, 0.16433147314311047, 0.12191303916551285, 0.2831548695205583, 0.12283838917429424, -0.3709003061303577, -0.159961847722931, 0.03989943421129381, -0.040231624424746634, -0.13501766282369945, -0.0278761853554943, 0.40548420742700186, -0.11331550722891551, 0.4567019870620597, 0.03161768777148204, 0.047236514918033844, -0.08212242878553365, 0.14574005863180106, -0.11709801065411742, -0.26765362352271566, -0.14283710294877153, -0.00797636958701932, -0.016090355992510713, -0.05111819535637626, -0.04013400818441776, 0.06142849981724465, -0.09037760767299104, 0.19112997934850823, -0.21764327330853434, -0.055559166356751594, 0.050298483722535973, -0.33982261691793847, -0.13923916560362004, 0.03277960997375424, -0.08035217192726207, -0.06454456016194307, -0.0635698120787526, 0.03660609955179238, 0.09911406156867056, 0.0003170207406427723, 0.10905019730326086, -0.09461718161268703, 0.24073369431114902, 0.17059589391994906, -0.17401949263529023, -0.037311525774698824, -0.06294078180102533, -0.11169023554556612, -0.24777554915444183, -0.025391510798328285, 0.06160664774934664, -0.057701698335486724, 0.044758933273058694, -0.1375153630742397, 0.256089479337327, -0.033601922959635315
-0.20394291167014486, 0.22532907715114667, 0.10112010860655174, -0.2172059221033654, -0.10786997797604997, 0.0933589717801895, -0.054098899773362824, 0.11868842999600752, 0.20711950373346644, 0.27637541472279825, -0.17231769579115938, -0.03835540287457254, -0.2667115698750438, 0.37118316520821565, 0.002743272833050338, 0.11656565442374128, -0.2748153609037066, 0.02238108470524099, -0.1356704578219518, 0.0415645857442619, -0.27339706647903056, 0.08143997336019052, 0.07597335376068524, 0.019241932067612235, 0.050286363789772054, 0.04348201313343454, -0.5763073199384486, 0.016006861698435234, 0.15124578712010886, -0.05874061614319007, -0.1717277513219929, 0.04078566181881646, 0.08465336999829835, -0.01665739426409405, 0.18786099023990088, 0.1569740842027142, -0.19735530012821403, -0.30235339085403823, 0.15439278228707326, 0.09216968421840933, -0.35104694090194427, -0.0997675833527703, -0.6822281370249306, -0.2829056395917717, -0.0398841216281432, 0.021952071077817284, -0.20084641899582015, 0.1531018919915722, -0.04052646726270519, 0.03510823882432032, -0.05115094243642811, -0.14358954696364942, 0.119562148769801, -0.15273828563924385, -0.08824436886554737, -0.03169971722734416, -0.09738989925802714, -0.024560063312761494, -0.21801536530337362, -0.025108786503586823, 0.01170773644420229, -0.007282105080259178, -0.10358376903303078, 0.0025258099335580485
-0.2673791390866641, -0.06754948481759311, 0.20733594285411797, 0.11722484146504587, -0.31150814598043847, 0.02324958310271214, 0.15786936705491855, -0.15802202503869373, 0.03290318428850025, -0.40253098868076914, -0.0543145685746179, 0.20982905582695371, -0.4049892753232005, -0.10948069983712598, 0.149705820079697, -0.40279434852592205, 0.1597899727348623, -0.004252724193683406, 0.15771462682699677, 0.04440536914381017, 0.19368694803506126, -0.12647745614669942, -0.06601082537956408, 0.015772577855416005, -0.08554405076626752, 0.04438357389788171, -0.13480153114964333, 0.18746352907436553, -0.02422712239232828, -0.23972393435542336, -0.1293429589334548, -0.2716278896604126, -0.1817320766692471, 0.23558257604149974, 0.16819437940388599, -0.05125177321057925, -0.1334785193042847, -0.16009008065142055, 0.069956626607917, -0.1578594076046538, 0.0152891613649286, 0.05592384624658336, 0.0009750624817200464, -0.01464312659143046, 0.07104152707464047, -0.048143644511152765, 0.10056483290613916, 0.044929915349260656, -0.36302445927817345, 0.05671880599227688, 0.274661696055577, 0.013894026067458478, 0.18141896487287168, -0.18554532541494015, -0.0426171884576381, 0.04068220392843678, -0.2157684240301901, -0.21977893163553955, 0.4424741476247351, 0.04802932504392151, -0.22916010925837155, -0.5768819256902987, 0.08167778750682712, -0.04446983539946523
0.2593915415018191, -0.09998819256903145, -0.33223584888013236, 0.017435009065478083, 0.15125435748705324, 0.04897649546832129, 0.07462214363087975, 0.06170189248978422, -0.09339001352063421, -0.29007397349181246, 0.1551759329086099, -0.1577028423935148, -0.510355515515158, 0.037567113517840055, -0.1407838816834625, -0.4218746738871, -0.09174385939821741, 0.05822741464383288, 0.060812208217567776, -0.10501718413396285, 0.1513907100597175, -0.38027195455443796, -0.24942092644780225, -0.12869278634362286, 0.08670860420532772, -0.11515272363932065, -0.06976452081572983, 0.20220376786912853, -0.13979262449660323, 0.061401416452459105, -0.1447609586129004, -0.09122507271765647, 0.09566199378266138, 0.08090441381390272, -0.11697093216045823, 0.06386956031234783, 0.029645525311799443, -0.1902390064762956, -0.27599502916393165, -0.29885924796046126, -0.07680280179696782, 0.23149656019511597, -0.07338807559054593, 0.08135060964149513, 0.07075940342394559, -0.053227818537769235, -0.045207826837852245, 0.13739791980800461, -0.09874114093435545, -0.028415470560721773, -0.014217207839119197, -0.2018557014580911, 0.09689868306373625, 0.03417866104604303, -0.11900689785141264, 0.16464330041825317, 0.21242058890149226, -0.09590247402952215, 0.1778933115325998, -0.25077344024313486, 0.35287687153820124, 0.013612394390273804, 0.0913334376942426, 0.10522365754975375
0.1362545852209071, -0.05511096913266674, -0.21785429423362312, 0.05616124739960188, -0.016702007406972193, -0.1209769281447369, 0.1448496287379566, 0.5547348365206825, 0.10920111238458619, -0.3254358652026842, -0.10486366560553621, 0.0904716314150207, 0.11449479335414862, -0.37586035932495965, 0.1867654301773395, -0.08971869283584742, 0.10918603690329375, 0.03172594447563178, -0.22068038482504299, -0.14632913733555838, -0.030426394275455442, 0.07100559784935966, -0.14644721069059166, 0.1615698098635748, 0.25277833859458326, 0.17877647834189705, 0.05678561147943845, -0.2390821200995547, -0.07418628341541011, -0.050417097157001295, 0.27972533620825224, 0.014911541692419426, 0.21875499013699376, -0.4343918396670614, -0.008023869853487308, 0.048320485895102856, 0.03545697151846903, 0.06792722047274449, 0.14728412306017422, 0.2755337374599403, -0.1887660119870122, 0.2938899449240898, -0.03565038551669787, -0.06808101108196592, -0.00999604383245565, 0.16222105399943423, 0.09573841643768566, -0.13965776121084866, 0.19633564134596437, -0.0012170199592341422, -0.08541422619786757, -0.20756466979611995, 0.2620591043540221, 0.14746946135634384, 0.1918438415066001, 0.24080472897268795, 0.021878100314997102, -0.30116046521769196, 0.18634633554476604, 0.04123243127631261, -0.008557236046771903, -0.1604078288763022, -0.1805973947641701, -0.14027978570081456
-0.08704490832613095, -0.040382496056550254, 0.055570500668309646, -0.25193602326382586, -0.1470375014478759, 0.055489814226642675, -0.1400266005125134, -0.0732158505048432, -0.1921885030536846, -0.378691129981632, -0.10188368296748745, -0.030037234921401486, -0.25366354618160303, -0.11997885667904157, -0.19198804870467648, -0.12350744730718777, 0.11326486570742615, -0.154260635105876, 0.18720892859246577, 0.14460321850862984, -0.05571230835855006, -0.24658867674558466, -0.07291979714158943, -0.3283556088759863, 0.021089186645025928, 0.27477728545224717, -0.007307936583884723, 0.20372869045594338, -0.05115796836837508, 0.0990314305549205, 0.050922140931666936, -0.1424065980454686, 0.13636736523822146, 0.030686850943444675, 0.004870766741998268, 0.04349536973593815, 0.3113208725992915, -0.007442467235918433, -0.18539630493011824, 0.38899956078366726, 0.14975288359099348, -0.08855614788437635, 0.3201574976036793, 0.1867739052482735, 0.13541973379724134, -0.04844060239408438, -0.049120554176422235, -0.167602830616366, 0.0037895788913874843, 0.10731478650392784, -0.15508458273353914, 0.0413132903202755, -0.2313574036845637, -0.0130226229989098, 0.20891485796145812, -0.16503876715212265, 0.2227726844226794, -0.024586673270949516, 0.2882040999198331, 0.2941551500585156, 0.028790087884022666, 0.021873621656686614, 0.24505019829194302, 0.27036876593087705
-0.05228548338511796, 0.15702380200564103, 0.04309919465622711, -0.10747971922442466, 0.02086635985720337, -0.04148308874916996, -0.05650009712002213, -0.10717556212931373, 0.13557722894810842, -0.10874177944274414, 0.21899893137119908, -0.3545715569763916, 0.23617601941820343, -0.07290427024771591, -0.34163127899887424, 0.08296662887653745, -0.299558140409142, 0.15294636006257137, 0.266969612592793, 0.1492288219660983, -0.20789901232125552, 0.006268928953978601, 0.15372970414876438, 0.22847721205572447, -0.008024230878111474, -0.08167647796916602, 0.27989923337159195, -0.12281839540288556, -0.05995757395146918, -0.2246693173220563, 0.16566979926080705, -0.169206686061289, -0.3484867209137893, -0.06860555250582225, 0.08595687811011077, -0.23404113431438123, 0.0034996260923293807, 0.2016843395480837, 0.03277027424196716, 0.08059427902575371, -0.2074509854295092, -0.04292531951898591, -0.26526829726423984, 0.026279545600802326, 0.22816729117045048, -0.060238320097727414, -0.14916547804558988, -0.05911653589096476, 0.0993429254312959, -0.22259518402115983, -0.07753825049263904, 0.247405709360775, -0.23695101257210452, -0.41535829280521985, -0.06124899852581692, 0.09577714116969767, 0.1942694580922796, -0.07405798635676075, 0.05566357214886801, -0.044151845403341404, 0.21232802808346787, -0.1072484566299401, -0.041464780417248916, -0.04174947633985054
-0.19268133306458862, 0.05641391609745027, -0.05009178388169023, 0.1275385615068942, -0.2260121830568988, 8.171174496438475e-05, 0.5063867858264287, 0.14211312280697858, 0.09307147166620011, -0.17747108064745504, -0.056874320053104305, 0.03386475035011403, -0.22244477139781313, 0.007656307514282853, -0.15871298084667723, 0.03920811300975629, 0.12106078376271923, -0.07068684881201354, -0.06349924831019085, -0.1752909495656219, -0.023855043882499205, -0.08216263986852833, 0.11023267967504505, -0.0509451051219531, 0.1974271510822778, 0.06646667458774796, 0.010224562402160305, 0.29480967417204507, -0.0796653675336881, 0.08129240908940515, 0.5713568881561641, -0.290161743659452, -0.3302410160612159, 0.1874362601682431, 0.13703917544320823, 0.06392197816983576, 0.4546303861473561, -0.1315881889355624, 0.14181677678765378, 0.16439424008324177, -0.04715063108536281, -0.4075961649003087, -0.06336215332291605, -0.1402209191033408, 0.0772107131163571, -0.04602652337490382, -0.15642275707281808, -0.10369547705188747, -0.048511454792304676, 0.07813294051559463, -0.05626884192406575, -0.12400867109854917, 0.15882187679006526, 0.23150295173809174, -0.32744652400988655, 0.019715633573588725, 0.11263352307539415, 0.14568817492997885, 0.05358690161672243, -0.026900087046904317, -0.15915504301664196, 0.06510062749530555, -0.11691791632364244, -0.051456837558603606
-0.022201237638869567, -0.06771988271045824, 0.2734983778573226, 0.10087120931300612, 0.20416042832383646, -0.2753878950939741, 0.27932078480672834, 0.12401304547445156, -0.16219397104863986, -0.2253632954801985, 0.06775593388488646, 0.22014957417511075, -0.17072741706559352, 0.04681709693140555, -0.2735246718387826, -0.06728387705043098, 0.02930907511037511, 0.07461302746028077, 0.013184504807235155, -0.10054011838524883, 0.14793755211468496, -0.14380265367882009, -0.03670590966900588, 0.27889482089094053, 0.4754017796104237, 0.002562267908737224, -0.3604178631569021, 0.2478310773961717, -0.09691369031965359, -0.19445342086562226, -0.013190787074097009, 0.015678964357763673, 0.08617176758517502, -0.019344785579400118, -0.21231191884917386, 0.13333544995711163, 0.3359019843828072, -0.02941534002733144, 0.17142529015470678, -0.20490157469962628, 0.05837539048229825, 0.10655698123460579, 0.13247028485777568, -0.017950042182757576, -0.3627145511497847, 0.012357084255511137, 0.13940202205613908, 0.11434703148294387, -0.033358422191806104, -0.04708636909768536, 0.00017577656491406615, 0.0015514507718932555, 0.03787589079565988, -0.22079344226764577, 0.14046000177745482, 0.05863367484295377, 0.15047637883775072, -0.06154847841202584, -0.024685573347357766, 0.07000665150398297, 0.10755595808373503, 0.16705414528893628, 0.02633308716157347, -0.12809800515419428
0.27030883130859007, -0.4117233647584809, 0.33742287310249536, -0.18063549106449003, -0.06304949622942185, -0.13928654156682446, 0.11357837764542794, -0.08878501574168515, -0.21709860193067695, -0.30958985833706765, 0.09191256179556359, -0.005927916218248559, -0.2161656952618028, 0.117953233765875, 0.1790670084374252, 0.35934961468808924, -0.21244180296465234, 0.000824833232434282, 0.29647543006067534, 0.09642963032021232, -0.0636796927484315, 0.09023604422872505, 0.11149902851478838, 0.24332828205209459, -0.03839513563289767, -0.042022861203127045, -0.15789209164109522, 0.17471535922987297, -0.031240399838294373, 0.1427704352355779, 0.035597790396936904, 0.1873538764516403, -0.2470911782917492, -0.3229272939135613, -0.25189896949649826, -0.2594988012347542, 0.32003614585895135, -0.027078841286142245, -0.2512851500615046, 0.30782846330995894, -0.30803446913163474, 0.0006753333656007066, 0.3261658454072033, 0.1605459476584072, 0.13965470839525274, -0.0697836584391204, -0.09562123024961842, -0.0209420854777327, 0.28592512484348137, 0.21342200033459086, -0.14964316299618652, -0.2481847423027714, -0.30503116912868616, -0.10489821580800139, 0.17680717762681925, -0.07586132889507831, 0.13483601341636434, 0.03271891502359512, 0.24116106040112528, 0.15823252607633603, -0.005219160564586516, -0.10533399095262842, -0.02905753662488762, 0.13014431727237655


W (001; 032)
-0.2978297865768596, 0.03863706956357203, -0.13843772388340625, 0.028750859835505092, -0.040142548445925935, -0.3190758996209213, 0.5121015614667268, -0.08457549216847991, 0.037466108040649156, -0.2091709314969328, -0.017739934151384, -0.02345237334983744, -0.13208691639632666, 0.19995395611160033, 0.030200866724198704, 0.12847595118252073, -0.2399007498852626, 0.002231289138047254, 0.05895247262850799, 0.013447376929569217, -0.4054526528224166, 0.141922388729394, 0.024675307794250752, -0.356764056365227, -0.19526756421463415, -0.14350462264382588, -0.050013722714417966, 0.04529552287309273, 0.2864164537354335, 0.39611564265599797, 0.26720777308590904, -0.07604467869207736

Biases

B (064; 001)
0.0
0.0
-0.003266969651872435
-0.004080434667395713
-9.020302525056933e-05
1.2279786205550863e-05
0.0
-4.228688725587245e-06
6.601190311267e-06
0.004816644062905658
0.00181728979545643
-9.178712358420841e-07
7.049475728362895e-06
0.0038112960163966393
-3.8254372110134943e-07
-0.0043940135901248435
-3.3831675807796813e-06
0.0022177771012839133
0.006283934363509705
0.004009101480550181
7.707157428839204e-06
0.0
-0.0013362799228028089
-2.0691498039960056e-07
-4.961717500715192e-06
0.0048559771773266265
-2.4748234400198688e-06
-0.00033001238784439204
-0.0015487571264020139
0.005318666423301898
-0.00017996265503287417
0.006536394636311937
-1.5714037144694295e-05
-5.718766667122972e-06
0.0018232769676952902
-0.0019688024876729124
-0.012698101907791873
-0.0020333357171235834
-0.005648018997698439
2.4210662101576337e-06
0.0
0.003471026694684213
0.0015307209798159412
5.0310014941804344e-06
0.0
0.0007721577049790168
6.840339865773825e-05
0.0
-0.0017877259063462595
7.974705476655628e-06
0.0027611394019243485
-0.00015072628332373771
-0.002556524828966071
0.005991656220885978
0.005168190711803029
0.003883554862043101
0.0
-0.002201449708007945
-0.00020116878024797527
0.0035658351341994795
0.0004221444906106619
0.0
0.0043706000257621985
0.0034821199548150804


B (032; 001)
0.009919265715053518
-2.4500526880605027e-06
0.004121809337276958
-8.747662027508275e-06
0.0008587790147490572
3.755722747422763e-05
-2.0487214621042027e-05
0.0
-0.0014384844792830322
0.006705787063293892
0.0
0.00048755938079413764
0.0
0.0
0.0
-0.004647422335753361
0.003765187907013241
-9.59657407507919e-05
0.0
-1.4640731965121712e-06
0.01331799891325419
-3.661958685726811e-05
-0.0009219234227988531
0.0
0.0
0.0
5.674276455226547e-06
-4.5601584454215445e-06
-0.009426764363453419
-0.013384382563677192
-0.009209839847576515
0.0022623201164739246


B (001; 001)
-0.03403104472702857

Layers
007, 064, 032, 001

Data number
00988

X_mins
730.4026489257812, 749.2018432617188, 718.1094970703125, 2101436678.0, 0.0, 0.0, 0.0
X_maxs
4810.0712890625, 4891.70458984375, 4718.0390625, 406642500000.0, 4812.08740234375, 4735.06884765625, 4812.08740234375
Y_min
0.0
Y_max
0.0