Weights

W (032; 007)
-0.09972452067170366, -1.2670776031768125, 0.03460188151766995, -0.06637535133680161, -0.3989913197784227, -0.3975366640090908, -1.2126744411895263
-0.5729977616436723, -0.3242653600975289, 1.3597186089974809, -0.05059792569454334, 0.01463625955636995, 0.09064320798877636, -0.4302596946531137
0.20466416406660806, -0.11466843617583979, -0.19185054344258282, -0.4184874658592999, -0.28027529386046657, -0.20558836358404384, 0.7847735624053319
0.31911241440845733, 0.47567199131730187, -0.2117959239857467, 0.5501460933809198, -0.1699550278256323, 0.12460090063895243, 0.6102709174791856
-0.5127981261868115, -0.3409069300440357, 0.21876530786934822, 0.49767526004205254, 0.10537045729745197, -0.11612358677770217, -0.5244598113385351
-0.12344648700592456, 0.09919783249010757, 0.7281442478125262, -0.16799947016700403, -0.22608163648140167, 0.006713357778693322, 1.1558285688924008
-0.686672430287085, 0.3461393318943857, -0.5925545123184699, -0.42722986082565684, -0.5400374432053489, -0.9021651916420094, -1.0933983983753481
0.49600908455022463, 1.1776634106683332, 0.5979796303470991, 0.950339994549227, -0.15658174267430242, -0.37225332458833926, -0.5074633915665773
-1.4846663109663634, 0.16717155087462934, -0.26278321554766637, -0.6139396526472826, 0.8059036340363811, -0.21045910216517016, 0.6915116248897785
-0.357730004539156, -0.24850014449310187, -0.39940559721975355, -0.40817232651087343, 0.25237194748680475, 0.10462563085604804, -0.09261854696977079
-0.3061558680693089, -0.42078860579466526, -0.4748894520410143, -0.43181561535257773, 0.5346372917096358, 0.5807654729229558, -0.19548607552051217
-0.10238975338994732, 0.706226647826723, 0.3216610061866531, -1.0370752209751768, -0.14798544262345228, 0.17443704956953582, -0.028783281049914733
-0.6510164320779531, -0.5239391211609972, 0.5520671610275509, 0.5783391675468216, -0.16147521305772178, -0.48522085334488796, 0.42777705016454537
-0.5200557080443824, -0.2840839962491974, 1.0029610024368099, -0.2045239696811027, 1.1868747662452588, -1.1554302695716543, 0.2826501043311156
-0.29538925143960687, 0.21481328122291493, -0.7064550586600638, 0.45219624602490377, 0.021748934923366096, -0.615073479601962, -1.0609703541447566
-0.04286155031645859, -0.2779110571834297, 0.8288540500532596, 0.14784902709980108, 0.10533264983745413, -0.49767377554294684, -0.31993752110703944
0.7194554591257522, 0.4981748157842287, -0.013147988773866148, 0.7064795620849025, -0.0438279065797602, -0.771554692201299, -0.08620041075458086
0.05032350561679193, 0.626483506973876, -0.2486447405357744, -0.27571768938803515, 0.45937824721947895, -0.11218539895690022, -0.6092779892864256
0.5331391527790225, -0.22199912877251868, 1.0662371915280344, -1.0600548297809382, 0.3443372140149512, 0.19588119944265286, 0.3950048410780281
-0.8853406644313917, -0.10242674392531059, -0.017457120580069582, 1.3558633586477398, 0.974779829223306, -0.7812289483110012, 0.7726203345959511
0.7824152057639412, -0.7299384261883369, 0.24670473931253256, -0.006774299270609588, 0.4686542492938736, 0.004109098066520735, 0.7868237478543356
-0.7579149798399488, 0.2606501260876423, -0.2436807964467367, -0.8114243263693681, -0.8237417913000165, 0.6311366724946695, -0.125257315598982
0.20557306337798656, -0.3036257285528577, 1.122293317505995, 0.3236086629413397, -0.5687145546665853, 0.4335260650497401, -0.4216416066271614
1.1320243658240874, -0.6722291671340649, -0.011985678711230264, -0.6568486148018624, -0.23482293403518398, 0.10508470738730909, 0.3988557385249582
-1.61861167591349, 0.012702747383428647, 0.33479537466573767, -0.4051664130590944, 0.007414193926873173, 0.3692052508864031, 0.020907823193826537
-0.49933081574068133, 0.9876965471790002, 0.268823878968974, -0.16210140703678086, 0.06367509122861276, -0.8260315333814418, 0.8416138851301017
-0.8989636539271569, -0.042552713870479694, 0.4258299757125089, -0.7265827336904563, -1.7192156847538933, 0.4094213793151483, -0.5189638959927398
-1.274805888494719, 0.34772184959957236, 0.2269530091025453, 0.5211967310459235, -0.12124374653265375, -0.22780685384168964, -0.37850829059015817
0.14921294477809513, 0.5632661625115406, 1.5865721678716727, 0.7624156505617691, 0.2901171009120258, 0.29045173806239616, -0.41443551421294045
-0.5290287531797482, -0.054340951428363087, -1.0519571335087703, 0.6307923841812323, -0.8552262331326898, -0.23051398973853285, -0.09885085017640545
-0.48448948166856104, 0.1248761136677015, -0.9385208988088375, -0.4795343223833509, 0.1991246482466214, -0.007887831734827962, -0.3065505188211976
-1.2825625237149838, 0.36746509252231474, 0.5536197631153379, -0.6862086235449684, -0.3512673298174302, 1.0055252469272586, -0.6343548673640068


W (016; 032)
-0.4495849284857172, 0.1076414077677958, 0.1358720718537698, 0.396743676312028, -0.0032389274079189533, -0.4412648852682348, 0.07182811987979862, 0.06140343517179691, -0.033980783036803776, 0.4051527057372774, -0.04276976360614048, 0.051474444441992694, 0.18504257030449603, -0.0036981987538165736, 0.005946717136751814, -0.20085916467822085, -0.014963973975096407, 0.11131329162998174, 0.21198012644950906, 0.2003867682699809, -0.44572387374173805, -0.336659583339221, -0.21260748369074597, -0.29178712783509153, -0.05569146396616699, 0.09715249821791737, 0.026698415241025064, 0.029903047232814995, -0.015290301650588428, -0.008559934098267608, -0.04714506207832674, -0.3246515253434451
-0.15740960388203332, -0.0167047865674023, -0.14202763713113448, -0.11052001080977035, -0.12500665672827246, -0.1650061251479849, -0.2811029143438455, -0.49194109445339457, 0.13289772559178056, -0.05898117142132851, 0.28874020268659617, 0.1949339875455598, 0.05931169274830232, -0.3999893461133195, 0.31326376081377816, 0.5186175483073975, 0.0977642502803949, -0.09394636997104844, -0.2526637273370582, -0.06438441585547149, -0.22516204930817316, 0.24418923787122324, 0.008209577464239115, -0.0578923320573649, 0.0022736670845726727, 0.34160506728352574, -0.038755878946185866, 0.016508604393941546, 0.14842467918786845, 0.19182269508837385, -0.08353585545407088, 0.3102369858071954
-0.21386223062956572, -0.2373604315571641, 0.08317117378304703, -0.000687751342275428, -0.14994658650613338, 0.034478206383226816, 0.04353792120615975, 0.2170832729084692, -0.4070271916684257, -0.17504137784514748, -0.09222423509763088, 0.1677083477393462, 0.2040290394105585, -0.008256197765267837, 0.37210454974554125, 0.18403678677286284, 0.21625175739246164, 0.22833229388983114, -0.16358685354020452, 0.11063480796050094, 0.027540391811675814, 0.22951929378317348, 0.28740108564818156, -0.6649234914181765, -0.2522571302070536, 0.23758314627243757, -0.12711464099945596, -0.17175294769716648, -0.42315076814995706, 0.0590779740206387, 0.13073588289553942, 0.5294113276584642
0.0061897893950735704, 0.0626037275458419, 0.3090901438847853, 0.1751257600878082, -0.5564452379623182, -0.1831794378945403, 0.05958804010814014, 0.14138735529730792, -0.4353605891462907, -0.003853887456173806, 0.3005433449742957, 0.3049017187751911, 0.10219952654043006, -0.11828101332567234, 0.3283156005998292, -0.45626194669605447, 0.18287649328963893, -0.04896790801272989, -0.09923485146761638, -0.379955892568538, 0.1467490878931284, -0.17780188540289849, 0.3174173608897059, -0.009693018709040522, 0.29428183752827497, -0.24590760476546222, 0.38480112466470623, 0.11968182927677629, 0.21982886384417402, -0.046233789854357304, 0.32258640446589654, -0.2598266544995725
-0.14668433597111913, -0.4412207767654857, -0.17207231219994068, 0.16398317314786234, -0.24177196849700155, 0.576922953028387, -0.16145124355961152, -0.1993950145162044, -0.3755551474081959, 0.0890965807427282, 0.3802665621039643, 0.2666708347687541, 0.311472526658308, -0.26570867264694553, -0.08006256071588544, -0.3571083274048935, 0.38869764200948625, -0.17593343751496315, 0.34066056780531145, -0.5229039753837212, 0.06938196722668448, -0.05098052073705341, -0.5113657553354095, 0.06805602202235805, -0.07097341074071731, 0.35738150187875417, 0.28576335320040913, -0.2253946094041674, 0.2438275143778478, 0.11147362933622537, -0.14572885627306462, 0.343893650393036
-0.12413057356033776, 0.42204490202649686, -0.36800882909088545, 0.3414272879022057, 0.10635856641235006, 0.21999914090516431, 0.1825081403199382, 0.6542009217526898, 0.035976523828020614, -0.27423358696832567, -0.13649127919376766, 0.12603730323036372, -0.3656641831593644, 0.12028700972996911, -0.16406682304093534, 0.32457674108657714, -0.06646824051397157, -0.20284565462650947, 0.18478745002959318, 0.09775914807659862, -0.004828618600640489, 0.4777872949822278, 0.026705711879338914, 0.1814132600665649, -0.28280354346151604, -0.04847754483233433, -0.3681121598918995, 0.08662864089900785, 0.4543314046090335, -0.12465883050918779, -0.28853203966807756, -0.0316179267683609
0.3343051520544383, 0.36940063939279044, -0.16261707076070459, -0.12342932786729263, 0.20789356398776465, 0.09101912418377033, 0.11533369249821056, -0.17162084058930277, 0.23227416752851918, 0.27817557952751093, 0.022187948038725955, -0.0058853431446465165, -0.4420979655333298, -0.2901420491594751, 0.4603937600849494, 0.06274479609349033, 0.2155035411426229, -0.2751052647888822, 0.08247480094797432, 0.036482631457387886, -0.0078100327246776406, -0.20457367637330412, 0.06270504824431009, 0.3883188258529353, 0.1615430649768301, -0.1891377063370652, -0.13816355794907292, 0.15003849519772353, 0.12284399258674955, 0.08573789764416209, 0.06308887994583437, -0.34777927225496413
-0.4287784243304746, 0.06169087600952606, 0.21331823519645784, 0.22758679958750264, 0.04235226597188689, 0.45424709457044943, 0.01622252938031202, 0.21011790256575355, 0.10171470993860358, -0.1313692354564993, -0.19522172651731248, 0.15506565347663506, 0.006465222641004244, 0.2214089484402217, 0.26979048214740875, 0.5435148339546086, -0.1704821731634835, 0.2616093971384319, -0.08187145144702758, -0.24794255805418425, 0.2224045616097681, 0.21412102703987776, 0.13605217859920796, 0.09765851375859823, -0.05784156753347056, 0.12553881391765223, 0.20050233795108882, -0.06756207320789205, -0.045116300657690504, -0.05150785629114526, -0.2623989739597383, -0.1981472336220495
0.31666249532190877, 0.029439679996841602, -0.004298705191430905, 0.5852800392331206, 0.10643871788981707, -0.522472545937448, -0.27158033949118493, -0.05413620125610008, 0.15916655119983714, 0.16534452602034616, -0.2512826098990021, -0.4268999324759016, -0.4329095498903867, -0.1554972383848145, 0.040029408442553364, -0.28845016865893597, 0.0512429366279596, 0.10257935377077293, -0.4034541160406734, -0.13827360724783475, -0.041383582664716735, 0.3288741983365524, 0.04451153360457371, 0.3945176599958925, 0.12352690827961042, 0.21545732304802387, 0.35925519620589774, 0.0031645502016091386, -0.34523651132564814, -0.09379764147300311, -0.3094619470910093, -0.059400334157991716
-0.11784128753152523, 0.1333957205648636, -0.29416540262532975, 0.21394678916324467, -0.026626802723455665, 0.48830427367056195, -0.2096792520573126, -0.029904961603517754, 0.4249883162137114, 0.3729440028038302, 0.016584649662136852, -0.316395246619487, 0.4966128366895174, -0.3337451785097073, 0.18973923996922812, 0.4544746829323846, -0.015167508768146222, 0.07709576683660041, 0.016089377448430888, 0.07858614925714877, 0.2918195321348284, 0.2304831441044446, -0.047561536002254184, -0.3695940246194276, 0.5489600824241243, -0.26103071649003456, 0.2743120912805633, 0.14164774582579376, -0.4405869415234847, -0.24510901925313247, 0.39933484286791615, -0.09818630761072322
-0.19991248181642335, 0.08144407454263546, -0.18547100644314843, 0.07294859064102638, -0.04029979137412619, 0.08663440841467926, 0.16648043736950974, -0.2860722028238689, -0.3210893454638156, 0.16331756747587203, -0.1214574710518889, -0.10969835078438538, 0.44033570109617287, -0.17873065987604803, 0.02614650119695749, -0.33370773975385876, -0.13757617584597442, -0.15340525280853196, -0.28382529251221705, 0.3355141116526206, -0.12280468117430174, 0.2255160819819819, 0.013937815048305262, -0.28948328567948034, -0.13132106703954263, -0.11176888380098178, 0.17279925454595524, 0.27831238604096037, 0.09592872224548622, -0.06788467794752155, -0.08478597009054552, -0.16453686234188092
0.09499728227286366, -0.4896555587533274, -0.2005979605043334, -0.11783516310376208, 0.3204252070185305, -0.021661965062236235, -0.2650194905386354, -0.008443750258123762, 0.08766686944801487, -0.2674101630769101, 0.07166018775512939, 0.14270569928028726, 0.10612015282813873, -0.34565683266887204, -0.3384194831497818, -0.016625663172597987, 0.2562623194581592, -0.05531539186663396, -0.181242336213985, -0.2702737120945614, -0.005975378346232638, 0.4559758176829958, -0.13170354696210637, 0.21568886785218672, -0.046497103631148735, -0.1268739722895919, -0.004261418814991283, -0.43770425416719116, -0.03201944480163332, 0.6181050240551286, 0.31371418472476076, -0.22705202956509488
0.4319644142062414, 0.21389938991208415, 0.41754859424700164, 0.2078641314914817, 0.3544575694450241, 0.1432233761331716, 0.47400686255587665, -0.004222049707425067, 0.493495772076738, 0.33959843088463154, 0.02196491673960979, 0.03193648973630122, -0.00220633177114616, -0.1567608329596907, -0.08351954827202603, -0.14146453918579782, -0.006306435288340698, 0.047784680558808114, 0.2632079086457871, 0.1778916641257841, -0.00039921675790712967, 0.6365064735930855, -0.2157604013408864, -0.140712084994413, 0.026782703904159027, 0.4212108446028766, -0.23227821341529378, -0.4237290326372594, -0.45308815132423763, -0.338763542537642, 0.05122001713464948, 0.08076940408169557
-0.3156962384758463, -0.17745391305018768, -0.45831707935863786, 0.02311893370405635, 0.1930509149255216, -0.14232711882096555, -0.21582516462817852, 0.16358458753889402, -0.09978278095204927, -0.06059614053542917, -0.20377446440593844, -0.08118271732695675, -0.027821484094348748, -0.14127375632945666, 0.15714184327175051, -0.3941319586362577, 0.4189421480586225, -0.06565074299718164, 0.07294837520204646, 0.20688758266979085, -0.06952750974407257, -0.4266383372750838, -0.018360033818725332, 0.07112229704847618, 0.12145688420408074, -0.3059574139393917, -0.1208189790879286, -0.09733405236012432, -0.09561851436346283, 0.07419787442661725, -0.3163992327223038, 0.24404279203181642
0.17731275495321278, -0.533907770713071, 0.12205580170946428, -0.12955052838160613, -0.055940880779791806, 0.1491946794060693, 0.010142062192852717, -0.4700503362590054, 0.39595836963397635, 0.21162215437866508, -0.08126366644019126, 0.5917211145014986, 0.2682277411514629, 0.2310568949969184, -0.24617154397536842, -0.0022591184745861313, -0.8402920530674184, 0.5566323886672226, 0.0531324569464636, -0.536348315005977, -0.40524041858068216, -0.32374462233869117, -0.2524178188687141, 0.07552175023540406, 0.3526626305527044, 0.3159020395542737, -0.30350467086148963, 0.16019124497668913, -0.13599058534094724, 0.3404489856142255, -0.5071708732562675, -0.3412947520135271
-0.07134809629488033, -0.16124404977200163, -0.24251311600568, -0.14206900477887707, 0.43529558638809396, -0.3365759501004142, 0.28444586031171176, -0.3527600217671576, 0.5625224008946792, 0.12295813419272389, 0.6062071800579832, 0.6092587245543803, 0.08817762023975644, 0.46203642999442956, -0.07416662482818046, 0.2571965699259304, -0.0229772968813524, 0.37027010999749016, -0.10342485916586817, 0.007704990238169921, -0.028111849367863147, 0.037489758877211316, -0.2185706596106622, 0.5790331422379924, 0.361858660706477, 0.2319668184357685, -0.28570367024740007, 0.16438164043962591, 0.23798664146109721, -0.008027630085167898, 0.08314442611449707, 0.11472884858514067


W (001; 016)
-0.2980198966482833, -0.053436878261913956, -0.07897852202923498, -0.0528160933152577, 0.7287835616536117, 0.5683642706793666, -0.1735843969359594, 0.052719490602667576, 0.35065357996325996, -1.019452321410576, 0.3110404074651076, -0.5436660101989271, -0.07726489571624513, 0.38742216034218213, 0.0794355721032006, -0.3158977529129901

Biases

B (032; 001)
0.0
0.06535072656948902
-0.05586735319990967
-0.015935775844030862
0.012073710981159438
0.13214678214549752
0.0
0.013716136383758239
0.35290788858877115
0.024210158935072133
0.09237051575065723
-0.022728787362916607
0.02708618099907035
-0.07400729043269183
0.017672441008365652
0.039670148693175665
0.09612553792854997
0.12518672636929787
-0.0077858513737671395
0.013550611572605934
0.1258218326813991
0.0
0.017836354081068803
-0.0692301012397658
0.0
-0.06804293164975891
0.0
0.013547344860380771
-0.2010304257880036
-0.01001609086293494
0.0184672558221946
0.0


B (016; 001)
0.0021371636520260977
0.0034414186399419704
8.249046314858668e-05
0.02051951528883312
-0.11408005481781322
-0.20418102914209432
0.09116441627312406
0.008484460372907827
-0.002556114797377263
0.5340717872262276
-0.0003107667715862659
0.0
0.006550146266834132
-0.021802390741255485
-0.030076168129574782
0.17071582310949962


B (001; 001)
-0.6662480350795481

Layers
007, 032, 016, 001

Data number
00988

X_mins
730.4026489257812, 749.2018432617188, 718.1094970703125, 2101436678.0, 0.0, 0.0, 0.0
X_maxs
4733.36279296875, 4891.70458984375, 4582.1806640625, 503731450000.00006, 4735.06884765625, 4812.08740234375, 4735.06884765625
Y_min
730.3675537109375
Y_max
4667.115234375